ScreenName	ScreenID	PlateName	PlateID	MeasurementDate	MeasurementID	WellName	Row	Column	Field	Plane	Timepoint	Object Number	X	Y	Bounding Box	Nuclei NoBorder - Object No in Nuclei	Nuclei NoBorder - DNA content	Nuclei NoBorder - Intensity Nucleus Alexa 647 Mean	Nuclei NoBorder - Intensity Cytoplasm Alexa 647 Mean	Nuclei NoBorder - Hoechst Mean	Nuclei NoBorder - Intensity Cell Alexa 647 Mean	Nuclei NoBorder - Nucleus Length [µm]	Nuclei NoBorder - Nucleus Width [µm]	Nuclei NoBorder - Nucleus Roundness	Nuclei NoBorder - Nucleus Area [µm²]
20180320_HT29_EGF_8h	6335	20180320_P3_05perc_BckSub	21117	2018-03-23T16:14:35Z	25507	B3	2	3	1	1	1	1	534	60	[525,52,547,74]	1	466521	36.6117	28.27	4591.34	30.7971	11.6254	8.42779	1.00819	101.609
20180320_HT29_EGF_8h	6335	20180320_P3_05perc_BckSub	21117	2018-03-23T16:14:35Z	25507	B3	2	3	1	1	1	2	558	70	[543,58,568,81]	2	1198130	54.3937	32.9084	7590.84	41.2725	18.2332	8.88367	0.894837	157.839
20180320_HT29_EGF_8h	6335	20180320_P3_05perc_BckSub	21117	2018-03-23T16:14:35Z	25507	B3	2	3	1	1	1	3	535	78	[527,70,544,87]	3	438829	39.9302	32.6209	5172.52	35.251	10.7434	8.19034	0.933353	84.8386
20180320_HT29_EGF_8h	6335	20180320_P3_05perc_BckSub	21117	2018-03-23T16:14:35Z	25507	B3	2	3	1	1	1	4	552	80	[544,75,558,86]	4	477479	37.2533	31.3571	6453.55	35.1368	10.2259	7.9458	0.929361	73.9871
20180320_HT29_EGF_8h	6335	20180320_P3_05perc_BckSub	21117	2018-03-23T16:14:35Z	25507	B3	2	3	1	1	1	5	543	89	[534,81,556,100]	5	542873	51.9504	28.7312	4547.98	37.8827	12.4451	10.1289	0.930139	119.366
20180320_HT29_EGF_8h	6335	20180320_P3_05perc_BckSub	21117	2018-03-23T16:14:35Z	25507	B3	2	3	1	1	1	6	565	89	[556,78,573,101]	6	443875	41.9877	24.3306	5554.96	28.6778	10.3696	8.19034	0.978405	79.9061
20180320_HT29_EGF_8h	6335	20180320_P3_05perc_BckSub	21117	2018-03-23T16:14:35Z	25507	B3	2	3	1	1	1	7	551	226	[540,218,560,238]	7	522767	33.3908	28.4537	6091.08	29.8713	11.96	7.9458	0.981427	85.8251
20180320_HT29_EGF_8h	6335	20180320_P3_05perc_BckSub	21117	2018-03-23T16:14:35Z	25507	B3	2	3	1	1	1	8	558	239	[549,230,565,252]	8	486966	46.5333	29.0316	6581.77	34.6652	9.93225	7.9458	0.973288	73.9871
20180320_HT29_EGF_8h	6335	20180320_P3_05perc_BckSub	21117	2018-03-23T16:14:35Z	25507	B3	2	3	1	1	1	9	547	244	[540,238,558,255]	9	451986	37.9265	26.9242	6737.85	30.665	9.93225	7.16224	0.910885	67.0817
20180320_HT29_EGF_8h	6335	20180320_P3_05perc_BckSub	21117	2018-03-23T16:14:35Z	25507	B3	2	3	1	1	1	10	535	248	[525,240,549,260]	10	589168	41.3383	26.0108	4490.48	32.4013	12.9501	11.2371	0.924931	131.204
20180320_HT29_EGF_8h	6335	20180320_P3_05perc_BckSub	21117	2018-03-23T16:14:35Z	25507	B3	2	3	1	1	1	11	539	268	[529,258,550,277]	11	477877	51.1379	25.8508	5568.03	32.4179	10.2259	8.19034	1.02531	85.8251
20180320_HT29_EGF_8h	6335	20180320_P3_05perc_BckSub	21117	2018-03-23T16:14:35Z	25507	B3	2	3	1	1	1	12	970	505	[960,495,987,516]	12	962249	56.8194	33.6508	6773.76	41.2506	15.1934	9.93225	0.886608	142.055
20180320_HT29_EGF_8h	6335	20180320_P3_05perc_BckSub	21117	2018-03-23T16:14:35Z	25507	B3	2	3	1	1	1	13	955	517	[942,504,969,532]	13	2008470	50.4631	29.4411	8344.1	39.5582	18.7401	11.9187	0.927186	240.705
20180320_HT29_EGF_8h	6335	20180320_P3_05perc_BckSub	21117	2018-03-23T16:14:35Z	25507	B3	2	3	1	1	1	14	1000	520	[989,510,1012,532]	14	509067	38.2358	24.8591	4868.26	28.3688	11.6254	10.1289	0.987568	104.568
20180320_HT29_EGF_8h	6335	20180320_P3_05perc_BckSub	21117	2018-03-23T16:14:35Z	25507	B3	2	3	1	1	1	15	983	525	[973,515,992,537]	15	655161	50.0396	34.9133	6575.54	41	11.5829	8.19034	0.887207	99.636
20180320_HT29_EGF_8h	6335	20180320_P3_05perc_BckSub	21117	2018-03-23T16:14:35Z	25507	B3	2	3	1	1	1	16	946	533	[935,524,958,544]	16	851628	49.1942	28.178	6210.7	37.0303	15.0302	10.1289	0.951442	137.123
20180320_HT29_EGF_8h	6335	20180320_P3_05perc_BckSub	21117	2018-03-23T16:14:35Z	25507	B3	2	3	1	1	1	17	971	531	[961,516,980,540]	17	846317	41.831	31.4019	6041.57	37.3494	14.7653	10.1289	0.996231	140.082
20180320_HT29_EGF_8h	6335	20180320_P3_05perc_BckSub	21117	2018-03-23T16:14:35Z	25507	B3	2	3	1	1	1	18	992	539	[979,529,1001,549]	18	618808	51.1538	33.4444	5361.36	40.0222	12.4451	10.1289	0.976621	115.42
20180320_HT29_EGF_8h	6335	20180320_P3_05perc_BckSub	21117	2018-03-23T16:14:35Z	25507	B3	2	3	1	1	1	19	971	547	[962,539,980,557]	19	695031	50.3714	36.7415	6709.96	42.4206	12.9501	8.42779	0.981542	103.582
20180320_HT29_EGF_8h	6335	20180320_P3_05perc_BckSub	21117	2018-03-23T16:14:35Z	25507	B3	2	3	1	1	1	20	955	545	[940,535,963,554]	20	757069	46.8835	41.2373	7450.81	43.3143	12.0012	8.42779	1.00819	101.609
20180320_HT29_EGF_8h	6335	20180320_P3_05perc_BckSub	21117	2018-03-23T16:14:35Z	25507	B3	2	3	1	1	1	21	1003	550	[993,540,1012,560]	21	463197	45.2533	26.2576	6260.51	30.9441	9.42256	7.9458	1.02071	73.9871
20180320_HT29_EGF_8h	6335	20180320_P3_05perc_BckSub	21117	2018-03-23T16:14:35Z	25507	B3	2	3	1	1	1	22	984	556	[974,547,994,567]	22	500727	49.881	29.0275	6042.64	34.8278	10.3696	8.19034	1.04855	82.8656
20180320_HT29_EGF_8h	6335	20180320_P3_05perc_BckSub	21117	2018-03-23T16:14:35Z	25507	B3	2	3	1	1	1	23	961	558	[940,550,972,567]	23	843291	64.8214	42.968	6105.97	50.8128	14.7653	10.1289	0.987354	138.109
20180320_HT29_EGF_8h	6335	20180320_P3_05perc_BckSub	21117	2018-03-23T16:14:35Z	25507	B3	2	3	1	1	1	24	168	698	[157,687,179,709]	24	273992	39.9885	28.0755	3192.45	30.6346	10.7434	8.19034	0.981427	85.8251
20180320_HT29_EGF_8h	6335	20180320_P3_05perc_BckSub	21117	2018-03-23T16:14:35Z	25507	B3	2	3	1	1	1	25	504	722	[494,712,514,734]	25	550594	34.6667	26.7689	4895.89	29.2356	12.1239	9.93225	0.996369	112.46
20180320_HT29_EGF_8h	6335	20180320_P3_05perc_BckSub	21117	2018-03-23T16:14:35Z	25507	B3	2	3	1	1	1	26	460	725	[451,716,473,738]	26	620353	52.8333	26.6378	4990.84	35.3237	13.2513	10.1289	0.988248	124.298
20180320_HT29_EGF_8h	6335	20180320_P3_05perc_BckSub	21117	2018-03-23T16:14:35Z	25507	B3	2	3	1	1	1	27	490	731	[480,714,498,741]	27	520001	37.0206	31.1019	5434.23	32.6878	11.6254	8.19034	0.969743	95.69
20180320_HT29_EGF_8h	6335	20180320_P3_05perc_BckSub	21117	2018-03-23T16:14:35Z	25507	B3	2	3	1	1	1	28	474	733	[466,721,483,744]	28	533948	41.3263	26.399	5697.45	31.3229	11.6254	8.19034	0.956617	93.717
20180320_HT29_EGF_8h	6335	20180320_P3_05perc_BckSub	21117	2018-03-23T16:14:35Z	25507	B3	2	3	1	1	1	29	502	743	[493,733,516,755]	29	521329	39.8235	24.724	3885.78	30.4762	13.834	10.1289	1.00226	134.163
20180320_HT29_EGF_8h	6335	20180320_P3_05perc_BckSub	21117	2018-03-23T16:14:35Z	25507	B3	2	3	1	1	1	30	523	751	[510,734,536,768]	30	1104620	41.065	22.1338	5598.73	28.3306	16.5306	12.7195	0.97461	197.299
20180320_HT29_EGF_8h	6335	20180320_P3_05perc_BckSub	21117	2018-03-23T16:14:35Z	25507	B3	2	3	1	1	1	31	463	749	[452,738,475,762]	31	996545	78.1311	44.8657	8280.23	53.7462	12.5634	10.1289	0.968094	120.352
20180320_HT29_EGF_8h	6335	20180320_P3_05perc_BckSub	21117	2018-03-23T16:14:35Z	25507	B3	2	3	1	1	1	32	494	761	[485,752,507,770]	32	1304360	63.4599	24.25	9651.23	43.9267	14.6648	10.1289	0.973902	135.15
20180320_HT29_EGF_8h	6335	20180320_P3_05perc_BckSub	21117	2018-03-23T16:14:35Z	25507	B3	2	3	1	1	1	33	506	771	[496,756,515,784]	33	1129120	61.3846	24.2197	8804.47	37.9065	18.8451	8.19034	0.780963	128.244
20180320_HT29_EGF_8h	6335	20180320_P3_05perc_BckSub	21117	2018-03-23T16:14:35Z	25507	B3	2	3	1	1	1	34	487	777	[471,762,498,792]	34	1182510	98.2945	22.6205	8210.27	47.2272	15.1609	10.1289	0.922055	144.028
20180320_HT29_EGF_8h	6335	20180320_P3_05perc_BckSub	21117	2018-03-23T16:14:35Z	25507	B3	2	3	1	1	1	35	1100	839	[1091,830,1112,852]	35	439175	55.0854	34.4249	5429.11	39.1972	9.78213	8.19034	0.986364	80.8926
20180320_HT29_EGF_8h	6335	20180320_P3_05perc_BckSub	21117	2018-03-23T16:14:35Z	25507	B3	2	3	1	1	1	36	1107	856	[1098,846,1118,867]	36	430161	39.2706	28.057	5130	30.796	10.3696	8.19034	1.0099	83.8521
20180320_HT29_EGF_8h	6335	20180320_P3_05perc_BckSub	21117	2018-03-23T16:14:35Z	25507	B3	2	3	1	1	1	37	199	890	[188,880,210,903]	37	437553	49.0211	26.419	4668.87	31.6561	12.7195	7.9458	0.956617	93.717
20180320_HT29_EGF_8h	6335	20180320_P3_05perc_BckSub	21117	2018-03-23T16:14:35Z	25507	B3	2	3	8	1	1	1	1157	251	[1146,241,1172,270]	1	2139420	75.4	33.2927	12392.6	46.8382	17.9056	10.1289	0.921126	172.637
20180320_HT29_EGF_8h	6335	20180320_P3_05perc_BckSub	21117	2018-03-23T16:14:35Z	25507	B3	2	3	8	1	1	2	1175	257	[1166,246,1199,265]	2	601442	59.8333	36.6667	8467.72	41.5014	9.98178	7.16224	0.993483	71.0276
20180320_HT29_EGF_8h	6335	20180320_P3_05perc_BckSub	21117	2018-03-23T16:14:35Z	25507	B3	2	3	8	1	1	3	1184	270	[1173,250,1202,283]	3	588575	52.41	33.619	5966.33	37.7309	12.5634	8.19034	0.989136	98.6495
20180320_HT29_EGF_8h	6335	20180320_P3_05perc_BckSub	21117	2018-03-23T16:14:35Z	25507	B3	2	3	8	1	1	4	1166	279	[1156,268,1179,290]	4	779241	51.1077	25.6543	6076.22	33.9474	13.2513	10.1289	1.00804	128.244
20180320_HT29_EGF_8h	6335	20180320_P3_05perc_BckSub	21117	2018-03-23T16:14:35Z	25507	B3	2	3	4	1	1	1	458	174	[441,163,469,198]	3	416827	41.0506	29.7508	5348.52	31.0773	10.2259	7.9458	0.962308	77.9331
20180320_HT29_EGF_8h	6335	20180320_P3_05perc_BckSub	21117	2018-03-23T16:14:35Z	25507	B3	2	3	4	1	1	2	1197	341	[1186,334,1207,352]	4	659044	53.1146	26.1923	6959.02	35.4892	12.7195	8.19034	0.925723	94.7035
20180320_HT29_EGF_8h	6335	20180320_P3_05perc_BckSub	21117	2018-03-23T16:14:35Z	25507	B3	2	3	4	1	1	3	1188	356	[1180,342,1206,365]	5	862046	40.1789	26.0217	7104.45	30.375	14.2208	8.19034	0.775128	121.339
20180320_HT29_EGF_8h	6335	20180320_P3_05perc_BckSub	21117	2018-03-23T16:14:35Z	25507	B3	2	3	4	1	1	4	1058	469	[1048,458,1071,479]	6	949678	36.2674	22.7857	5596.97	29.087	14.7653	11.9187	0.963938	169.677
20180320_HT29_EGF_8h	6335	20180320_P3_05perc_BckSub	21117	2018-03-23T16:14:35Z	25507	B3	2	3	4	1	1	5	1039	468	[1029,459,1051,480]	7	585205	46.2626	26.5479	5992.08	32.6855	11.3245	8.42779	0.98271	97.663
20180320_HT29_EGF_8h	6335	20180320_P3_05perc_BckSub	21117	2018-03-23T16:14:35Z	25507	B3	2	3	4	1	1	6	993	471	[984,463,1005,484]	8	458956	40.3333	21.2343	6461.65	25.6559	9.15708	7.9458	1.04382	71.0276
20180320_HT29_EGF_8h	6335	20180320_P3_05perc_BckSub	21117	2018-03-23T16:14:35Z	25507	B3	2	3	4	1	1	7	1009	473	[1001,466,1021,481]	9	523570	62.7857	28.6939	5415.69	42.3306	11.96	7.9458	0.902884	96.6765
20180320_HT29_EGF_8h	6335	20180320_P3_05perc_BckSub	21117	2018-03-23T16:14:35Z	25507	B3	2	3	4	1	1	8	1048	481	[1043,476,1057,488]	10	449502	34.8621	32.4082	5237.43	33.9779	12.5634	7.9458	0.902395	85.8251
20180320_HT29_EGF_8h	6335	20180320_P3_05perc_BckSub	21117	2018-03-23T16:14:35Z	25507	B3	2	3	4	1	1	9	1066	485	[1054,475,1074,493]	11	780621	37.2105	28.8323	6941.3	32.2313	13.2513	9.93225	0.996369	112.46
20180320_HT29_EGF_8h	6335	20180320_P3_05perc_BckSub	21117	2018-03-23T16:14:35Z	25507	B3	2	3	4	1	1	10	1033	485	[1024,476,1043,495]	12	957367	43.3509	34.4476	8512.92	38.3969	14.2208	8.19034	0.836038	112.46
20180320_HT29_EGF_8h	6335	20180320_P3_05perc_BckSub	21117	2018-03-23T16:14:35Z	25507	B3	2	3	4	1	1	11	1006	487	[998,480,1015,495]	13	1038870	55.7049	39.3099	8631.87	49.6736	13.0638	10.1289	1.00308	120.352
20180320_HT29_EGF_8h	6335	20180320_P3_05perc_BckSub	21117	2018-03-23T16:14:35Z	25507	B3	2	3	4	1	1	12	1020	491	[1007,477,1027,502]	14	1082760	49.6174	32.6279	7366.31	41.7338	19.7149	8.42779	0.785781	146.988
20180320_HT29_EGF_8h	6335	20180320_P3_05perc_BckSub	21117	2018-03-23T16:14:35Z	25507	B3	2	3	4	1	1	13	1046	492	[1040,487,1055,503]	15	506539	40.8219	34.4194	7033.88	37.2349	11.3245	7.16224	0.955835	72.0141
20180320_HT29_EGF_8h	6335	20180320_P3_05perc_BckSub	21117	2018-03-23T16:14:35Z	25507	B3	2	3	4	1	1	14	986	492	[976,483,997,503]	16	856241	62.0331	26.7622	7173.25	41.7368	14.2208	9.93225	0.869737	119.366
20180320_HT29_EGF_8h	6335	20180320_P3_05perc_BckSub	21117	2018-03-23T16:14:35Z	25507	B3	2	3	4	1	1	15	1000	496	[993,489,1006,507]	17	1183480	68.3271	43.1714	11212	58.3785	11.96	8.42779	0.956488	105.555
20180320_HT29_EGF_8h	6335	20180320_P3_05perc_BckSub	21117	2018-03-23T16:14:35Z	25507	B3	2	3	4	1	1	16	1038	498	[1031,492,1049,508]	18	857271	45.7719	41.31	7622.87	43.6869	12.5634	10.1289	0.926599	112.46
20180320_HT29_EGF_8h	6335	20180320_P3_05perc_BckSub	21117	2018-03-23T16:14:35Z	25507	B3	2	3	4	1	1	17	1061	499	[1054,493,1070,506]	19	369259	46.0435	30.9043	5424.84	36.5815	10.6974	6.2817	0.96556	68.0682
20180320_HT29_EGF_8h	6335	20180320_P3_05perc_BckSub	21117	2018-03-23T16:14:35Z	25507	B3	2	3	4	1	1	18	1080	498	[1071,488,1090,508]	20	510960	45.8081	26.4109	5231.87	32.7907	12.1239	8.88367	1.02337	97.663
20180320_HT29_EGF_8h	6335	20180320_P3_05perc_BckSub	21117	2018-03-23T16:14:35Z	25507	B3	2	3	4	1	1	19	1023	504	[1016,495,1034,514]	21	1019420	45.8976	39.8984	8136.84	42.8863	12.9501	10.1289	0.92779	125.285
20180320_HT29_EGF_8h	6335	20180320_P3_05perc_BckSub	21117	2018-03-23T16:14:35Z	25507	B3	2	3	4	1	1	20	978	509	[968,498,991,521]	22	1061630	48.8516	27.6906	6942.97	35.5	17.6	8.42779	0.852283	152.907
20180320_HT29_EGF_8h	6335	20180320_P3_05perc_BckSub	21117	2018-03-23T16:14:35Z	25507	B3	2	3	4	1	1	21	1010	509	[1002,500,1021,523]	23	1073460	47.7877	39.438	7453.14	43.7456	15.7043	9.93225	0.951022	144.028
20180320_HT29_EGF_8h	6335	20180320_P3_05perc_BckSub	21117	2018-03-23T16:14:35Z	25507	B3	2	3	4	1	1	22	997	514	[989,502,1005,528]	24	882817	49.529	23.609	5773.57	36.5273	18.555	10.1289	0.828895	152.907
20180320_HT29_EGF_8h	6335	20180320_P3_05perc_BckSub	21117	2018-03-23T16:14:35Z	25507	B3	2	3	4	1	1	23	1094	511	[1083,499,1106,521]	25	787363	35.835	23.8783	7748.95	27.2432	13.5093	7.9458	0.933007	101.609
20180320_HT29_EGF_8h	6335	20180320_P3_05perc_BckSub	21117	2018-03-23T16:14:35Z	25507	B3	2	3	4	1	1	24	1073	515	[1059,505,1086,525]	26	639631	30.7532	33.8836	8420.62	33.2734	10.3696	7.9458	0.990462	75.9601
20180320_HT29_EGF_8h	6335	20180320_P3_05perc_BckSub	21117	2018-03-23T16:14:35Z	25507	B3	2	3	4	1	1	25	1036	515	[1029,508,1046,527]	27	677165	44.7949	31.2308	5866.97	37.6559	13.3255	9.93225	0.976621	115.42
20180320_HT29_EGF_8h	6335	20180320_P3_05perc_BckSub	21117	2018-03-23T16:14:35Z	25507	B3	2	3	4	1	1	26	1052	520	[1043,502,1061,532]	28	1370450	33.1327	27.8756	7087.79	30.5244	20.0867	10.1289	0.807373	193.353
20180320_HT29_EGF_8h	6335	20180320_P3_05perc_BckSub	21117	2018-03-23T16:14:35Z	25507	B3	2	3	4	1	1	27	1021	523	[1012,515,1032,532]	29	766718	65.13	33.7005	7772.14	44.6516	11.6254	8.88367	1.03	98.6495
20180320_HT29_EGF_8h	6335	20180320_P3_05perc_BckSub	21117	2018-03-23T16:14:35Z	25507	B3	2	3	4	1	1	28	347	523	[335,513,359,540]	30	1556490	106.629	41.4392	8482.79	66.5954	15.7043	12.5634	0.957081	183.488
20180320_HT29_EGF_8h	6335	20180320_P3_05perc_BckSub	21117	2018-03-23T16:14:35Z	25507	B3	2	3	4	1	1	29	1064	529	[1054,521,1074,539]	31	870698	43.1746	26.933	7004.9	33.6426	13.2513	10.1289	0.988248	124.298
20180320_HT29_EGF_8h	6335	20180320_P3_05perc_BckSub	21117	2018-03-23T16:14:35Z	25507	B3	2	3	4	1	1	30	331	527	[324,517,339,540]	32	806817	73.9222	36.3608	9087.36	49.9919	12.5634	7.9458	0.923065	88.7845
20180320_HT29_EGF_8h	6335	20180320_P3_05perc_BckSub	21117	2018-03-23T16:14:35Z	25507	B3	2	3	4	1	1	31	1085	531	[1073,520,1095,542]	33	777041	48.144	30.5993	6301.43	35.9223	12.9501	10.1289	0.983245	123.312
20180320_HT29_EGF_8h	6335	20180320_P3_05perc_BckSub	21117	2018-03-23T16:14:35Z	25507	B3	2	3	4	1	1	32	339	545	[328,534,352,557]	34	1542440	77.0823	41.4382	9895.94	54.2086	14.8984	11.9187	0.940814	155.866
20180320_HT29_EGF_8h	6335	20180320_P3_05perc_BckSub	21117	2018-03-23T16:14:35Z	25507	B3	2	3	4	1	1	33	1077	594	[1065,582,1090,607]	35	915632	46.3209	30.3597	6926.62	34.4259	13.834	10.1289	0.960279	132.19
20180320_HT29_EGF_8h	6335	20180320_P3_05perc_BckSub	21117	2018-03-23T16:14:35Z	25507	B3	2	3	4	1	1	34	340	602	[327,589,353,617]	36	987311	46.375	33.6284	5686.52	37.2941	16.8848	10.1289	0.977892	173.623
20180320_HT29_EGF_8h	6335	20180320_P3_05perc_BckSub	21117	2018-03-23T16:14:35Z	25507	B3	2	3	4	1	1	35	1061	650	[1049,638,1074,663]	37	1631310	66.7034	35.7294	11404.4	44.1557	15.1609	10.1289	0.918007	143.042
20180320_HT29_EGF_8h	6335	20180320_P3_05perc_BckSub	21117	2018-03-23T16:14:35Z	25507	B3	2	3	4	1	1	36	1299	661	[1289,651,1313,673]	38	455622	37.83	26.1081	4618.59	29.0682	11.5829	8.42779	0.950898	98.6495
20180320_HT29_EGF_8h	6335	20180320_P3_05perc_BckSub	21117	2018-03-23T16:14:35Z	25507	B3	2	3	4	1	1	37	1328	668	[1317,659,1337,680]	39	734562	35.9419	28.5281	8658.35	30.5394	12.9119	7.16224	0.933353	84.8386
20180320_HT29_EGF_8h	6335	20180320_P3_05perc_BckSub	21117	2018-03-23T16:14:35Z	25507	B3	2	3	4	1	1	38	1310	675	[1299,661,1324,686]	40	946216	39.6898	28.9157	5129.25	33.5367	16.914	11.9187	0.960289	184.475
20180320_HT29_EGF_8h	6335	20180320_P3_05perc_BckSub	21117	2018-03-23T16:14:35Z	25507	B3	2	3	4	1	1	39	786	713	[772,699,801,728]	41	837979	48.3727	23.5157	5276.09	29.7884	14.6648	12.0831	1.01136	158.826
20180320_HT29_EGF_8h	6335	20180320_P3_05perc_BckSub	21117	2018-03-23T16:14:35Z	25507	B3	2	3	4	1	1	40	364	713	[353,706,372,731]	42	1336730	57.4562	22.2632	8468.94	41.4812	17.9056	9.93225	0.846195	157.839
20180320_HT29_EGF_8h	6335	20180320_P3_05perc_BckSub	21117	2018-03-23T16:14:35Z	25507	B3	2	3	4	1	1	41	377	719	[368,711,385,732]	43	1015480	61.5426	34.6952	10950.8	43.6762	11.6254	8.19034	0.912901	92.7305
20180320_HT29_EGF_8h	6335	20180320_P3_05perc_BckSub	21117	2018-03-23T16:14:35Z	25507	B3	2	3	4	1	1	42	351	724	[343,715,359,736]	44	767453	56.9259	29.7861	9604.43	37.9888	10.7434	7.9458	0.936032	79.9061
20180320_HT29_EGF_8h	6335	20180320_P3_05perc_BckSub	21117	2018-03-23T16:14:35Z	25507	B3	2	3	4	1	1	43	368	736	[355,727,382,746]	45	898116	50.4839	25.9783	7342.02	34.5621	13.0638	10.1289	0.883826	122.325
20180320_HT29_EGF_8h	6335	20180320_P3_05perc_BckSub	21117	2018-03-23T16:14:35Z	25507	B3	2	3	4	1	1	44	984	834	[974,825,994,845]	46	790922	84.5333	62.1255	10690	66.9827	10.9705	6.2817	0.888554	73.9871
20180320_HT29_EGF_8h	6335	20180320_P3_05perc_BckSub	21117	2018-03-23T16:14:35Z	25507	B3	2	3	4	1	1	45	965	838	[955,827,976,850]	47	1026240	49.5232	31.621	6889.32	38.396	15.7043	10.1289	1.00255	148.961
20180320_HT29_EGF_8h	6335	20180320_P3_05perc_BckSub	21117	2018-03-23T16:14:35Z	25507	B3	2	3	4	1	1	46	981	852	[975,845,994,862]	48	865846	60.6577	38.3981	7907.2	49.9439	12.9501	8.88367	0.943988	109.501
20180320_HT29_EGF_8h	6335	20180320_P3_05perc_BckSub	21117	2018-03-23T16:14:35Z	25507	B3	2	3	4	1	1	47	968	855	[961,848,977,865]	49	677285	55.0202	43.0225	6934.92	49.3404	12.4451	8.19034	0.944661	97.663
20180320_HT29_EGF_8h	6335	20180320_P3_05perc_BckSub	21117	2018-03-23T16:14:35Z	25507	B3	2	3	4	1	1	48	995	855	[981,848,1002,867]	50	736308	64.3789	45.0273	7856.72	53.9951	11.5829	7.9458	0.919332	93.717
20180320_HT29_EGF_8h	6335	20180320_P3_05perc_BckSub	21117	2018-03-23T16:14:35Z	25507	B3	2	3	4	1	1	49	959	866	[950,857,972,877]	51	690866	248.709	165.436	6799.26	192.752	12.9119	8.19034	0.933007	101.609
20180320_HT29_EGF_8h	6335	20180320_P3_05perc_BckSub	21117	2018-03-23T16:14:35Z	25507	B3	2	3	4	1	1	50	995	870	[987,856,1007,880]	52	1330560	52.5667	46.8333	7493.21	50.2059	18.661	11.9187	0.801909	177.569
20180320_HT29_EGF_8h	6335	20180320_P3_05perc_BckSub	21117	2018-03-23T16:14:35Z	25507	B3	2	3	4	1	1	51	980	868	[973,862,987,879]	53	842649	65.7368	65.8814	7492.85	65.7861	13.5093	8.42779	0.926599	112.46
20180320_HT29_EGF_8h	6335	20180320_P3_05perc_BckSub	21117	2018-03-23T16:14:35Z	25507	B3	2	3	4	1	1	52	969	876	[962,868,978,886]	54	838161	63.9735	68.2388	7518.89	65.5611	12.9501	8.42779	0.889526	111.474
20180320_HT29_EGF_8h	6335	20180320_P3_05perc_BckSub	21117	2018-03-23T16:14:35Z	25507	B3	2	3	4	1	1	53	1012	871	[1002,857,1022,885]	55	1074820	47.2324	27.5827	7672.77	34.6288	19.0792	8.19034	0.82819	140.082
20180320_HT29_EGF_8h	6335	20180320_P3_05perc_BckSub	21117	2018-03-23T16:14:35Z	25507	B3	2	3	4	1	1	54	987	882	[978,875,995,890]	56	911176	63.1898	69.55	6741.97	64.6271	13.5093	10.1289	0.94268	135.15
20180320_HT29_EGF_8h	6335	20180320_P3_05perc_BckSub	21117	2018-03-23T16:14:35Z	25507	B3	2	3	4	1	1	55	1001	887	[992,880,1008,895]	57	578992	65.4598	34.1026	6746.18	50.6364	11.96	7.9458	0.902395	85.8251
20180320_HT29_EGF_8h	6335	20180320_P3_05perc_BckSub	21117	2018-03-23T16:14:35Z	25507	B3	2	3	4	1	1	56	964	888	[954,878,976,903]	58	922656	48.7067	34.6237	6235.25	40.7645	18.9755	8.19034	0.789275	147.974
20180320_HT29_EGF_8h	6335	20180320_P3_05perc_BckSub	21117	2018-03-23T16:14:35Z	25507	B3	2	3	4	1	1	57	983	904	[975,886,993,912]	59	831539	44.3969	36.8069	6434.53	40.4094	19.5138	6.2817	0.646401	129.231
20180320_HT29_EGF_8h	6335	20180320_P3_05perc_BckSub	21117	2018-03-23T16:14:35Z	25507	B3	2	3	4	1	1	58	992	897	[985,890,1003,906]	60	1051490	50.3486	28.6327	9778.78	40.0676	12.0012	8.42779	0.968034	107.528
20180320_HT29_EGF_8h	6335	20180320_P3_05perc_BckSub	21117	2018-03-23T16:14:35Z	25507	B3	2	3	4	1	1	59	972	900	[964,892,978,912]	61	522915	54.5979	29.6289	5464.68	42.1134	12.0012	8.42779	1.01	95.69
20180320_HT29_EGF_8h	6335	20180320_P3_05perc_BckSub	21117	2018-03-23T16:14:35Z	25507	B3	2	3	4	1	1	60	985	922	[972,911,997,933]	62	869467	57.375	39.1211	9180.94	43.0067	12.1239	8.19034	0.9632	94.7035
20180320_HT29_EGF_8h	6335	20180320_P3_05perc_BckSub	21117	2018-03-23T16:14:35Z	25507	B3	2	3	7	1	1	1	1022	109	[1010,90,1035,128]	1	1352560	32.7871	33.3222	6787.49	33.1765	20.6677	11.2371	0.804163	199.272
20180320_HT29_EGF_8h	6335	20180320_P3_05perc_BckSub	21117	2018-03-23T16:14:35Z	25507	B3	2	3	7	1	1	2	1044	100	[1034,91,1053,114]	2	425029	66.8506	54.1939	4952.28	57.084	11.1046	7.9458	1.02531	85.8251
20180320_HT29_EGF_8h	6335	20180320_P3_05perc_BckSub	21117	2018-03-23T16:14:35Z	25507	B3	2	3	7	1	1	3	238	481	[231,474,255,497]	3	856406	59.6512	32.4941	10094.5	39.3431	11.1046	7.9458	1.01763	84.8386
20180320_HT29_EGF_8h	6335	20180320_P3_05perc_BckSub	21117	2018-03-23T16:14:35Z	25507	B3	2	3	7	1	1	4	268	493	[255,482,281,512]	4	2248150	65.65	26.2747	11394.6	40.2376	20.6677	10.1289	0.817955	197.299
20180320_HT29_EGF_8h	6335	20180320_P3_05perc_BckSub	21117	2018-03-23T16:14:35Z	25507	B3	2	3	7	1	1	5	253	504	[239,493,266,515]	5	2363160	97.358	34.3288	13610.9	62.201	16.3807	11.9187	0.924447	173.623
20180320_HT29_EGF_8h	6335	20180320_P3_05perc_BckSub	21117	2018-03-23T16:14:35Z	25507	B3	2	3	7	1	1	6	77	712	[66,702,90,723]	6	629538	38.8673	24.1893	5647.4	28.4097	12.0831	10.1289	0.990761	111.474
20180320_HT29_EGF_8h	6335	20180320_P3_05perc_BckSub	21117	2018-03-23T16:14:35Z	25507	B3	2	3	7	1	1	7	93	723	[82,713,103,739]	7	981991	48.9098	29.9878	8159.3	35.1292	14.2208	9.93225	1.00308	120.352
20180320_HT29_EGF_8h	6335	20180320_P3_05perc_BckSub	21117	2018-03-23T16:14:35Z	25507	B3	2	3	7	1	1	8	73	730	[62,719,82,742]	8	765353	50.3934	28.8171	6359.27	35.9701	12.5634	10.1289	0.968094	120.352
20180320_HT29_EGF_8h	6335	20180320_P3_05perc_BckSub	21117	2018-03-23T16:14:35Z	25507	B3	2	3	7	1	1	9	1018	815	[1004,801,1032,834]	9	943526	50.8343	29.6205	5465.39	35.5795	14.7653	12.5634	1.00306	172.637
20180320_HT29_EGF_8h	6335	20180320_P3_05perc_BckSub	21117	2018-03-23T16:14:35Z	25507	B3	2	3	6	1	1	1	498	11	[490,4,506,23]	3	464243	49.8514	30.5679	6359.43	36.6144	9.42256	7.16224	1.01171	73.0006
20180320_HT29_EGF_8h	6335	20180320_P3_05perc_BckSub	21117	2018-03-23T16:14:35Z	25507	B3	2	3	6	1	1	2	484	15	[477,9,490,23]	4	534079	39.2796	35.5179	5821.41	37.8658	10.3696	8.42779	0.982756	91.744
20180320_HT29_EGF_8h	6335	20180320_P3_05perc_BckSub	21117	2018-03-23T16:14:35Z	25507	B3	2	3	6	1	1	3	488	28	[479,20,503,37]	5	483985	44.6731	31.797	4717.41	36.1732	11.6254	9.93225	1.01447	102.595
20180320_HT29_EGF_8h	6335	20180320_P3_05perc_BckSub	21117	2018-03-23T16:14:35Z	25507	B3	2	3	6	1	1	4	416	54	[400,38,434,69]	6	1937620	82.8349	39.8148	9264.83	51.5225	18.9755	11.9187	0.935265	209.137
20180320_HT29_EGF_8h	6335	20180320_P3_05perc_BckSub	21117	2018-03-23T16:14:35Z	25507	B3	2	3	6	1	1	5	437	55	[430,39,444,65]	7	641619	60.5339	36.1081	5511.89	48.6943	13.7983	8.19034	0.827957	116.406
20180320_HT29_EGF_8h	6335	20180320_P3_05perc_BckSub	21117	2018-03-23T16:14:35Z	25507	B3	2	3	6	1	1	6	445	46	[436,39,454,57]	8	488438	44.9403	34.1825	7389.93	37.9171	9.15708	7.9458	0.995125	66.0952
20180320_HT29_EGF_8h	6335	20180320_P3_05perc_BckSub	21117	2018-03-23T16:14:35Z	25507	B3	2	3	6	1	1	7	454	58	[445,47,463,67]	9	491404	44.4419	24.2216	5792.22	30.4321	11.1046	7.9458	0.933353	84.8386
20180320_HT29_EGF_8h	6335	20180320_P3_05perc_BckSub	21117	2018-03-23T16:14:35Z	25507	B3	2	3	6	1	1	8	811	365	[801,357,824,374]	10	499887	41.6571	31.0187	4826	34.5204	12.0012	9.93225	0.981542	103.582
20180320_HT29_EGF_8h	6335	20180320_P3_05perc_BckSub	21117	2018-03-23T16:14:35Z	25507	B3	2	3	6	1	1	9	805	381	[797,370,823,390]	11	972645	76.7295	32.8712	8081.64	45.7026	14.0463	8.19034	0.968094	120.352
20180320_HT29_EGF_8h	6335	20180320_P3_05perc_BckSub	21117	2018-03-23T16:14:35Z	25507	B3	2	3	6	1	1	10	199	411	[189,401,210,421]	12	438085	46.4058	28.6926	6435.97	32.0411	9.98178	6.2817	0.96556	68.0682
20180320_HT29_EGF_8h	6335	20180320_P3_05perc_BckSub	21117	2018-03-23T16:14:35Z	25507	B3	2	3	6	1	1	11	222	441	[212,416,232,452]	13	483250	60.6456	34.1399	6200.84	38.5763	10.7434	7.9458	1.00737	77.9331
20180320_HT29_EGF_8h	6335	20180320_P3_05perc_BckSub	21117	2018-03-23T16:14:35Z	25507	B3	2	3	6	1	1	12	208	449	[199,439,219,465]	14	832037	134.983	68.7882	7334.16	89.3622	14.2208	8.42779	1.00195	113.447
20180320_HT29_EGF_8h	6335	20180320_P3_05perc_BckSub	21117	2018-03-23T16:14:35Z	25507	B3	2	3	6	1	1	13	226	458	[214,451,233,467]	15	479792	46.7308	47.1818	6235.38	47.0491	11.1046	7.16224	0.954168	76.9466
20180320_HT29_EGF_8h	6335	20180320_P3_05perc_BckSub	21117	2018-03-23T16:14:35Z	25507	B3	2	3	6	1	1	14	1260	594	[1250,586,1269,604]	16	1356210	70.927	29.7386	10034.8	49.1966	14.9314	10.1289	0.913097	135.15
20180320_HT29_EGF_8h	6335	20180320_P3_05perc_BckSub	21117	2018-03-23T16:14:35Z	25507	B3	2	3	6	1	1	15	1277	602	[1259,589,1289,620]	17	1733290	49.4125	27.9075	7320.91	36.715	22.6708	10.1289	0.80422	236.759
20180320_HT29_EGF_8h	6335	20180320_P3_05perc_BckSub	21117	2018-03-23T16:14:35Z	25507	B3	2	3	6	1	1	16	1244	603	[1235,590,1254,618]	18	944825	62.8347	21.4977	7915.37	36.2959	14.7653	9.93225	0.841912	119.366
20180320_HT29_EGF_8h	6335	20180320_P3_05perc_BckSub	21117	2018-03-23T16:14:35Z	25507	B3	2	3	6	1	1	17	1255	612	[1246,605,1265,621]	19	787454	63.4118	30.0331	9390.99	43.8058	11.96	7.9458	0.888374	83.8521
20180320_HT29_EGF_8h	6335	20180320_P3_05perc_BckSub	21117	2018-03-23T16:14:35Z	25507	B3	2	3	6	1	1	18	311	993	[300,981,325,1005]	20	427095	37.7526	24.7132	4463.32	27.3264	10.9705	8.42779	1.01	95.69
20180320_HT29_EGF_8h	6335	20180320_P3_05perc_BckSub	21117	2018-03-23T16:14:35Z	25507	B3	2	3	5	1	1	1	465	62	[450,51,477,77]	1	611968	36.3778	25.7598	4595.16	28.8226	13.3255	11.2371	0.997601	133.177
20180320_HT29_EGF_8h	6335	20180320_P3_05perc_BckSub	21117	2018-03-23T16:14:35Z	25507	B3	2	3	5	1	1	2	436	61	[428,54,445,69]	2	665302	33.1429	22.8231	9634.43	26.435	9.93225	6.2817	0.88663	69.0546
20180320_HT29_EGF_8h	6335	20180320_P3_05perc_BckSub	21117	2018-03-23T16:14:35Z	25507	B3	2	3	5	1	1	3	449	65	[442,57,458,75]	3	590193	38.873	27.3235	4748.2	34.8247	14.7653	8.88367	0.864722	124.298
20180320_HT29_EGF_8h	6335	20180320_P3_05perc_BckSub	21117	2018-03-23T16:14:35Z	25507	B3	2	3	5	1	1	4	741	71	[729,59,753,87]	4	460194	29.2143	22.1706	3332.1	23.9253	14.4616	10.1289	0.987354	138.109
20180320_HT29_EGF_8h	6335	20180320_P3_05perc_BckSub	21117	2018-03-23T16:14:35Z	25507	B3	2	3	5	1	1	5	428	73	[419,62,439,87]	5	1296540	41.9776	29.6904	9808.16	34.6647	14.7653	10.1289	0.900136	132.19
20180320_HT29_EGF_8h	6335	20180320_P3_05perc_BckSub	21117	2018-03-23T16:14:35Z	25507	B3	2	3	5	1	1	6	442	77	[435,70,449,86]	6	1084240	51.9417	63.25	9159.01	54.5513	13.5093	9.93225	0.957873	118.379
20180320_HT29_EGF_8h	6335	20180320_P3_05perc_BckSub	21117	2018-03-23T16:14:35Z	25507	B3	2	3	5	1	1	7	458	81	[448,72,468,96]	7	826057	72.9649	49.075	7345.32	55.9873	12.4451	8.88367	0.996369	112.46
20180320_HT29_EGF_8h	6335	20180320_P3_05perc_BckSub	21117	2018-03-23T16:14:35Z	25507	B3	2	3	5	1	1	8	438	91	[429,82,448,100]	8	741591	38.2396	28.8278	7830.66	32.1014	11.3245	8.19034	0.9632	94.7035
20180320_HT29_EGF_8h	6335	20180320_P3_05perc_BckSub	21117	2018-03-23T16:14:35Z	25507	B3	2	3	5	1	1	9	118	212	[108,202,132,227]	9	922624	52.9928	29.0857	6777.21	36.3687	13.834	10.6974	1.01152	136.136
20180320_HT29_EGF_8h	6335	20180320_P3_05perc_BckSub	21117	2018-03-23T16:14:35Z	25507	B3	2	3	5	1	1	10	1009	218	[998,207,1022,233]	10	1416140	72.8372	32.7034	11128.1	43.4224	13.5093	10.1289	0.96921	127.258
20180320_HT29_EGF_8h	6335	20180320_P3_05perc_BckSub	21117	2018-03-23T16:14:35Z	25507	B3	2	3	5	1	1	11	1062	214	[1055,207,1070,229]	11	279318	34.7	32.3582	5662.84	32.8247	8.54404	5.95935	0.960652	49.3247
20180320_HT29_EGF_8h	6335	20180320_P3_05perc_BckSub	21117	2018-03-23T16:14:35Z	25507	B3	2	3	5	1	1	12	1049	207	[1039,198,1060,234]	12	807969	37.5968	34.8028	6605.08	35.4327	15.0302	7.9458	0.855663	122.325
20180320_HT29_EGF_8h	6335	20180320_P3_05perc_BckSub	21117	2018-03-23T16:14:35Z	25507	B3	2	3	5	1	1	13	1036	215	[1031,209,1043,229]	13	478745	44.2111	40.9588	5392.21	42.5241	10.7434	8.19034	0.961865	88.7845
20180320_HT29_EGF_8h	6335	20180320_P3_05perc_BckSub	21117	2018-03-23T16:14:35Z	25507	B3	2	3	5	1	1	14	1026	218	[1019,210,1031,228]	14	598002	57.4286	31.6491	5094.03	49.0795	14.8984	8.19034	0.832632	117.393
20180320_HT29_EGF_8h	6335	20180320_P3_05perc_BckSub	21117	2018-03-23T16:14:35Z	25507	B3	2	3	5	1	1	15	128	230	[114,219,138,241]	15	703000	40.117	29.495	7581.11	32.0356	11.5829	8.42779	0.989631	92.7305
20180320_HT29_EGF_8h	6335	20180320_P3_05perc_BckSub	21117	2018-03-23T16:14:35Z	25507	B3	2	3	5	1	1	16	1026	233	[1018,227,1042,240]	16	456755	44.8182	30.0778	6013.09	34.4942	10.5581	7.9458	0.90463	75.9601
20180320_HT29_EGF_8h	6335	20180320_P3_05perc_BckSub	21117	2018-03-23T16:14:35Z	25507	B3	2	3	5	1	1	17	1142	312	[1129,301,1155,329]	17	1151680	92.3109	75.4039	9810.51	79.2	12.4451	10.1289	1.02399	117.393
20180320_HT29_EGF_8h	6335	20180320_P3_05perc_BckSub	21117	2018-03-23T16:14:35Z	25507	B3	2	3	5	1	1	18	1124	320	[1113,305,1137,336]	18	1032400	52.7766	30.0734	5566.66	37.9483	19.0792	10.1289	0.937756	185.461
20180320_HT29_EGF_8h	6335	20180320_P3_05perc_BckSub	21117	2018-03-23T16:14:35Z	25507	B3	2	3	5	1	1	19	598	341	[588,332,610,354]	19	943393	63.5667	39.7097	10625.6	45.5285	10.7434	8.42779	1.00342	88.7845
20180320_HT29_EGF_8h	6335	20180320_P3_05perc_BckSub	21117	2018-03-23T16:14:35Z	25507	B3	2	3	5	1	1	20	559	340	[547,332,574,349]	20	938162	54.4959	28.5602	7859.55	38.6186	15.0302	8.88367	0.899102	119.366
20180320_HT29_EGF_8h	6335	20180320_P3_05perc_BckSub	21117	2018-03-23T16:14:35Z	25507	B3	2	3	5	1	1	21	580	344	[572,337,588,360]	21	513656	44.1287	29.3333	5155.33	34.6512	13.7983	7.9458	0.887207	99.636
20180320_HT29_EGF_8h	6335	20180320_P3_05perc_BckSub	21117	2018-03-23T16:14:35Z	25507	B3	2	3	5	1	1	22	545	346	[536,340,560,367]	22	723253	44.9273	23.14	6665.04	32.3577	14.2208	7.9458	0.764477	108.514
20180320_HT29_EGF_8h	6335	20180320_P3_05perc_BckSub	21117	2018-03-23T16:14:35Z	25507	B3	2	3	5	1	1	23	567	356	[559,343,578,365]	23	1157370	57.1471	28.7976	8626.55	41.4803	13.5093	11.2371	0.96938	134.163
20180320_HT29_EGF_8h	6335	20180320_P3_05perc_BckSub	21117	2018-03-23T16:14:35Z	25507	B3	2	3	5	1	1	24	592	358	[583,349,606,367]	24	476688	42.5176	33.2609	5684.87	35.7587	9.93225	7.9458	1.0099	83.8521
20180320_HT29_EGF_8h	6335	20180320_P3_05perc_BckSub	21117	2018-03-23T16:14:35Z	25507	B3	2	3	5	1	1	25	546	360	[535,350,557,373]	25	719059	53.5625	23.915	7592.74	32.2128	11.3245	8.88367	0.925723	94.7035
20180320_HT29_EGF_8h	6335	20180320_P3_05perc_BckSub	21117	2018-03-23T16:14:35Z	25507	B3	2	3	5	1	1	26	1038	506	[1026,494,1051,520]	26	508074	46.5	28.2667	4364.66	32.2658	12.5634	10.1289	1.01852	116.406
20180320_HT29_EGF_8h	6335	20180320_P3_05perc_BckSub	21117	2018-03-23T16:14:35Z	25507	B3	2	3	5	1	1	27	567	503	[555,496,579,512]	27	514517	49.4483	26.1447	5994.95	34.3862	11.6254	7.9458	0.866685	85.8251
20180320_HT29_EGF_8h	6335	20180320_P3_05perc_BckSub	21117	2018-03-23T16:14:35Z	25507	B3	2	3	5	1	1	28	557	510	[551,504,567,526]	28	588451	48.0227	36.3613	6778.49	41.3188	10.6974	8.19034	0.988809	86.8116
20180320_HT29_EGF_8h	6335	20180320_P3_05perc_BckSub	21117	2018-03-23T16:14:35Z	25507	B3	2	3	5	1	1	29	575	516	[566,506,583,528]	29	499667	46.6974	31.5	6664.57	35.5669	10.3696	7.9458	1.02964	74.9736
20180320_HT29_EGF_8h	6335	20180320_P3_05perc_BckSub	21117	2018-03-23T16:14:35Z	25507	B3	2	3	5	1	1	30	534	512	[523,501,546,527]	30	590676	55.1262	29.8631	5813.22	35.5076	12.7195	8.88367	0.933007	101.609
20180320_HT29_EGF_8h	6335	20180320_P3_05perc_BckSub	21117	2018-03-23T16:14:35Z	25507	B3	2	3	5	1	1	31	552	525	[539,508,565,536]	31	972604	46.773	30.4553	6048.58	36.7881	18.2602	10.1289	0.931852	160.799
20180320_HT29_EGF_8h	6335	20180320_P3_05perc_BckSub	21117	2018-03-23T16:14:35Z	25507	B3	2	3	5	1	1	32	786	764	[777,756,799,774]	32	652060	62.2439	39.4179	8060.82	46.0318	10.6974	8.19034	0.943735	80.8926
20180320_HT29_EGF_8h	6335	20180320_P3_05perc_BckSub	21117	2018-03-23T16:14:35Z	25507	B3	2	3	5	1	1	33	774	775	[764,758,783,786]	33	768200	55.6446	27.69	6435.68	37.3543	14.3245	8.88367	0.930139	119.366
20180320_HT29_EGF_8h	6335	20180320_P3_05perc_BckSub	21117	2018-03-23T16:14:35Z	25507	B3	2	3	5	1	1	34	792	779	[778,768,802,787]	34	516818	64.7955	42.0047	5953.33	48.6457	12.9501	7.16224	0.947706	86.8116
20180320_HT29_EGF_8h	6335	20180320_P3_05perc_BckSub	21117	2018-03-23T16:14:35Z	25507	B3	2	3	5	1	1	35	796	882	[785,872,810,896]	35	1158010	56.7423	22.581	7201.6	37.5094	16.046	10.1289	0.8804	160.799
20180320_HT29_EGF_8h	6335	20180320_P3_05perc_BckSub	21117	2018-03-23T16:14:35Z	25507	B3	2	3	5	1	1	36	809	896	[799,880,819,907]	36	1840920	87.8462	37.6226	11962.3	56.2328	16.046	10.6974	0.933245	153.893
20180320_HT29_EGF_8h	6335	20180320_P3_05perc_BckSub	21117	2018-03-23T16:14:35Z	25507	B3	2	3	5	1	1	37	788	898	[778,884,799,909]	37	714395	45.5854	29.8723	5887.6	34.7406	12.2855	10.1289	0.973168	121.339
20180320_HT29_EGF_8h	6335	20180320_P3_05perc_BckSub	21117	2018-03-23T16:14:35Z	25507	B3	2	3	5	1	1	38	475	1002	[464,991,487,1014]	38	1295200	70.1152	35.9048	7957.13	50.9573	18.3142	8.88367	0.863184	162.772
20180320_HT29_EGF_8h	6335	20180320_P3_05perc_BckSub	21117	2018-03-23T16:14:35Z	25507	B3	2	3	2	1	1	1	1268	19	[1257,9,1286,51]	5	787923	101.589	113.717	5470.62	111.461	19.5138	7.9458	0.734572	144.028
20180320_HT29_EGF_8h	6335	20180320_P3_05perc_BckSub	21117	2018-03-23T16:14:35Z	25507	B3	2	3	2	1	1	2	1237	23	[1225,12,1249,39]	6	1258770	285.089	73.0903	8075.99	148.193	16.2901	10.1289	0.940814	155.866
20180320_HT29_EGF_8h	6335	20180320_P3_05perc_BckSub	21117	2018-03-23T16:14:35Z	25507	B3	2	3	2	1	1	3	1316	31	[1303,17,1329,44]	7	681144	35.4928	28.3968	5003.4	30.3131	14.7653	10.1289	0.978405	136.136
20180320_HT29_EGF_8h	6335	20180320_P3_05perc_BckSub	21117	2018-03-23T16:14:35Z	25507	B3	2	3	2	1	1	4	1252	26	[1245,20,1258,44]	9	489197	442.088	380.761	4349.95	408.952	12.4451	10.1289	0.96043	112.46
20180320_HT29_EGF_8h	6335	20180320_P3_05perc_BckSub	21117	2018-03-23T16:14:35Z	25507	B3	2	3	2	1	1	5	1206	31	[1191,21,1219,46]	10	733977	41.1651	34.4986	6825.92	36.0579	14.2208	7.9458	0.932882	107.528
20180320_HT29_EGF_8h	6335	20180320_P3_05perc_BckSub	21117	2018-03-23T16:14:35Z	25507	B3	2	3	2	1	1	6	1188	44	[1175,33,1212,57]	12	1368390	41.8784	27.1168	6248.28	32.2938	23.8787	10.1289	0.798651	219.002
20180320_HT29_EGF_8h	6335	20180320_P3_05perc_BckSub	21117	2018-03-23T16:14:35Z	25507	B3	2	3	2	1	1	7	1325	45	[1316,31,1336,60]	13	679282	47.7304	26.3469	5987.66	33.1778	12.9501	9.93225	1.00195	113.447
20180320_HT29_EGF_8h	6335	20180320_P3_05perc_BckSub	21117	2018-03-23T16:14:35Z	25507	B3	2	3	2	1	1	8	1342	55	[1331,47,1356,64]	14	416084	55.0114	32.8	4792.95	39.2508	11.1046	8.19034	0.947706	86.8116
20180320_HT29_EGF_8h	6335	20180320_P3_05perc_BckSub	21117	2018-03-23T16:14:35Z	25507	B3	2	3	2	1	1	9	172	72	[158,60,184,88]	15	818026	44.479	29.4563	4965.42	34.1632	14.2208	11.9187	1.0346	164.745
20180320_HT29_EGF_8h	6335	20180320_P3_05perc_BckSub	21117	2018-03-23T16:14:35Z	25507	B3	2	3	2	1	1	10	143	77	[132,67,160,91]	16	585093	105.076	82.496	4984.06	87.9352	12.2855	10.1289	1.02399	117.393
20180320_HT29_EGF_8h	6335	20180320_P3_05perc_BckSub	21117	2018-03-23T16:14:35Z	25507	B3	2	3	2	1	1	11	1193	83	[1181,71,1206,96]	17	1042450	30.4235	28.3762	12432.1	28.7208	13.5093	5.95935	0.853069	83.8521
20180320_HT29_EGF_8h	6335	20180320_P3_05perc_BckSub	21117	2018-03-23T16:14:35Z	25507	B3	2	3	2	1	1	12	162	86	[153,77,173,94]	18	832172	56.471	38.9358	6112.78	48.7328	14.4616	10.1289	0.947071	136.136
20180320_HT29_EGF_8h	6335	20180320_P3_05perc_BckSub	21117	2018-03-23T16:14:35Z	25507	B3	2	3	2	1	1	13	149	95	[138,87,158,103]	19	922019	62.3421	44.3333	6148.95	55.7866	15.7043	10.1289	1.00671	149.947
20180320_HT29_EGF_8h	6335	20180320_P3_05perc_BckSub	21117	2018-03-23T16:14:35Z	25507	B3	2	3	2	1	1	14	167	103	[157,92,177,115]	20	821581	69.7154	37.2619	6770.96	47.9067	13.5093	10.1289	1.00829	121.339
20180320_HT29_EGF_8h	6335	20180320_P3_05perc_BckSub	21117	2018-03-23T16:14:35Z	25507	B3	2	3	2	1	1	15	730	102	[712,92,747,111]	21	513036	49.9032	23.0836	5592.03	29.6474	13.5093	7.9458	0.906428	91.744
20180320_HT29_EGF_8h	6335	20180320_P3_05perc_BckSub	21117	2018-03-23T16:14:35Z	25507	B3	2	3	2	1	1	16	977	105	[966,98,991,115]	22	408565	33.0824	23.5562	4872.45	26.635	11.6254	7.16224	0.926101	83.8521
20180320_HT29_EGF_8h	6335	20180320_P3_05perc_BckSub	21117	2018-03-23T16:14:35Z	25507	B3	2	3	2	1	1	17	152	108	[140,100,163,122]	23	478674	55.8774	42.4932	4577.61	48.0787	14.3245	8.19034	0.852571	104.568
20180320_HT29_EGF_8h	6335	20180320_P3_05perc_BckSub	21117	2018-03-23T16:14:35Z	25507	B3	2	3	2	1	1	18	540	113	[529,101,555,128]	24	1363160	55.8159	28.6823	6874.74	40.0921	21.8057	10.1289	0.801591	198.285
20180320_HT29_EGF_8h	6335	20180320_P3_05perc_BckSub	21117	2018-03-23T16:14:35Z	25507	B3	2	3	2	1	1	19	520	111	[510,101,529,121]	25	1238390	61.937	37.0265	9884.62	48.4065	14.6648	8.88367	0.993229	125.285
20180320_HT29_EGF_8h	6335	20180320_P3_05perc_BckSub	21117	2018-03-23T16:14:35Z	25507	B3	2	3	2	1	1	20	744	111	[733,101,753,121]	26	679390	49.3588	27.566	5257.18	37.4103	13.2513	10.1289	0.946479	129.231
20180320_HT29_EGF_8h	6335	20180320_P3_05perc_BckSub	21117	2018-03-23T16:14:35Z	25507	B3	2	3	2	1	1	21	139	114	[118,103,152,139]	27	850801	41.6916	52.3153	4030.13	48.2986	23.2508	10.1289	0.815627	211.11
20180320_HT29_EGF_8h	6335	20180320_P3_05perc_BckSub	21117	2018-03-23T16:14:35Z	25507	B3	2	3	2	1	1	22	987	116	[976,105,996,128]	28	514665	37.7368	26.5333	4576.41	30.6667	11.3245	9.93225	0.996369	112.46
20180320_HT29_EGF_8h	6335	20180320_P3_05perc_BckSub	21117	2018-03-23T16:14:35Z	25507	B3	2	3	2	1	1	23	721	113	[716,108,733,119]	29	528472	42.5618	22.5571	6019.18	33.7547	11.3245	7.16224	0.880112	87.798
20180320_HT29_EGF_8h	6335	20180320_P3_05perc_BckSub	21117	2018-03-23T16:14:35Z	25507	B3	2	3	2	1	1	24	505	115	[496,105,513,125]	30	1019610	62.837	35.4621	7656.06	49.3034	15.5147	10.1289	0.876608	133.177
20180320_HT29_EGF_8h	6335	20180320_P3_05perc_BckSub	21117	2018-03-23T16:14:35Z	25507	B3	2	3	2	1	1	25	187	117	[178,109,198,137]	31	470426	52.7798	28.1065	4374.92	35.336	12.9501	8.42779	0.932882	107.528
20180320_HT29_EGF_8h	6335	20180320_P3_05perc_BckSub	21117	2018-03-23T16:14:35Z	25507	B3	2	3	2	1	1	26	567	120	[555,111,578,133]	32	342554	33.6044	25.9197	3815.87	27.8356	11.6254	8.19034	0.968874	89.771
20180320_HT29_EGF_8h	6335	20180320_P3_05perc_BckSub	21117	2018-03-23T16:14:35Z	25507	B3	2	3	2	1	1	27	957	123	[949,111,970,139]	33	812342	40.4812	24.078	6191.45	29.1752	16.1685	8.19034	0.868115	131.204
20180320_HT29_EGF_8h	6335	20180320_P3_05perc_BckSub	21117	2018-03-23T16:14:35Z	25507	B3	2	3	2	1	1	28	973	123	[964,112,982,134]	34	514038	40.2149	26.028	4306.4	32.5303	13.5093	10.1289	0.899102	119.366
20180320_HT29_EGF_8h	6335	20180320_P3_05perc_BckSub	21117	2018-03-23T16:14:35Z	25507	B3	2	3	2	1	1	29	526	123	[515,117,533,141]	35	679061	46.1845	31.7212	6683.08	37.2799	12.4451	8.19034	0.898821	101.609
20180320_HT29_EGF_8h	6335	20180320_P3_05perc_BckSub	21117	2018-03-23T16:14:35Z	25507	B3	2	3	2	1	1	30	729	123	[724,118,734,129]	36	614929	53.25	36.1667	7791.84	52.0581	11.3245	7.9458	0.889046	78.9196
20180320_HT29_EGF_8h	6335	20180320_P3_05perc_BckSub	21117	2018-03-23T16:14:35Z	25507	B3	2	3	2	1	1	31	91	115	[83,107,114,137]	37	351284	44.0508	51.255	6035.47	50.329	11.1046	5.61853	0.866674	58.2032
20180320_HT29_EGF_8h	6335	20180320_P3_05perc_BckSub	21117	2018-03-23T16:14:35Z	25507	B3	2	3	2	1	1	32	202	125	[191,115,212,140]	38	808857	48.2301	27.4008	7256.02	34.1257	12.2855	10.1289	0.990761	111.474
20180320_HT29_EGF_8h	6335	20180320_P3_05perc_BckSub	21117	2018-03-23T16:14:35Z	25507	B3	2	3	2	1	1	33	129	127	[118,118,145,138]	39	586435	63.8172	68.112	6392.08	66.2798	11.1046	8.19034	0.943325	91.744
20180320_HT29_EGF_8h	6335	20180320_P3_05perc_BckSub	21117	2018-03-23T16:14:35Z	25507	B3	2	3	2	1	1	34	501	131	[495,121,516,139]	40	715892	43.5137	27.8903	4970.5	35.4684	19.0792	8.19034	0.715516	144.028
20180320_HT29_EGF_8h	6335	20180320_P3_05perc_BckSub	21117	2018-03-23T16:14:35Z	25507	B3	2	3	2	1	1	35	537	129	[529,122,548,139]	41	405545	26.0413	27.4679	3397.5	26.7174	13.834	10.1289	0.962996	119.366
20180320_HT29_EGF_8h	6335	20180320_P3_05perc_BckSub	21117	2018-03-23T16:14:35Z	25507	B3	2	3	2	1	1	36	743	130	[734,119,754,141]	42	959141	54.075	32.0203	6076.7	41.9048	17.9056	9.93225	0.823491	157.839
20180320_HT29_EGF_8h	6335	20180320_P3_05perc_BckSub	21117	2018-03-23T16:14:35Z	25507	B3	2	3	2	1	1	37	726	133	[717,118,739,143]	43	674888	41.0536	29.2064	6108.28	33.2273	17.3743	7.9458	0.773977	110.487
20180320_HT29_EGF_8h	6335	20180320_P3_05perc_BckSub	21117	2018-03-23T16:14:35Z	25507	B3	2	3	2	1	1	38	125	136	[117,123,146,146]	44	488090	78.2149	49.0508	4089.02	60.1478	16.914	6.2817	0.681627	119.366
20180320_HT29_EGF_8h	6335	20180320_P3_05perc_BckSub	21117	2018-03-23T16:14:35Z	25507	B3	2	3	2	1	1	39	113	134	[106,124,120,142]	45	364649	38.169	34.41	5206.21	35.9708	9.78213	7.9458	0.984256	70.0411
20180320_HT29_EGF_8h	6335	20180320_P3_05perc_BckSub	21117	2018-03-23T16:14:35Z	25507	B3	2	3	2	1	1	40	477	133	[467,123,488,145]	46	349364	29	24.3232	4426.84	25.3156	10.3696	7.9458	0.970387	78.9196
20180320_HT29_EGF_8h	6335	20180320_P3_05perc_BckSub	21117	2018-03-23T16:14:35Z	25507	B3	2	3	2	1	1	41	210	141	[195,129,219,150]	47	359895	33.5165	26.1836	4009.03	28.1066	10.2259	8.42779	1.01066	89.771
20180320_HT29_EGF_8h	6335	20180320_P3_05perc_BckSub	21117	2018-03-23T16:14:35Z	25507	B3	2	3	2	1	1	42	539	143	[524,135,546,151]	48	383878	31.4744	26.3878	4988.88	28.1511	9.42256	8.19034	0.954168	76.9466
20180320_HT29_EGF_8h	6335	20180320_P3_05perc_BckSub	21117	2018-03-23T16:14:35Z	25507	B3	2	3	2	1	1	43	557	140	[546,120,568,154]	49	739781	45.6514	33.8578	6879.9	36.129	12.0831	9.93225	1.00545	107.528
20180320_HT29_EGF_8h	6335	20180320_P3_05perc_BckSub	21117	2018-03-23T16:14:35Z	25507	B3	2	3	2	1	1	44	509	146	[499,138,521,154]	50	339865	32.9054	28.2521	4655.65	29.3701	9.93225	7.9458	0.964597	73.0006
20180320_HT29_EGF_8h	6335	20180320_P3_05perc_BckSub	21117	2018-03-23T16:14:35Z	25507	B3	2	3	2	1	1	45	113	151	[99,138,126,161]	51	332030	42.6282	32.6505	4315.06	34.38	12.0831	7.16224	0.954168	76.9466
20180320_HT29_EGF_8h	6335	20180320_P3_05perc_BckSub	21117	2018-03-23T16:14:35Z	25507	B3	2	3	2	1	1	46	526	149	[519,141,541,156]	52	438926	41.4605	29.4836	5854.41	34.0808	9.42256	8.19034	0.937696	74.9736
20180320_HT29_EGF_8h	6335	20180320_P3_05perc_BckSub	21117	2018-03-23T16:14:35Z	25507	B3	2	3	2	1	1	47	135	154	[125,143,146,164]	53	528669	43.7048	27.5799	5103.87	32.107	12.1239	9.93225	0.981542	103.582
20180320_HT29_EGF_8h	6335	20180320_P3_05perc_BckSub	21117	2018-03-23T16:14:35Z	25507	B3	2	3	2	1	1	48	207	160	[196,147,219,170]	54	430736	31.5155	20.5335	4501.37	23.1317	11.3245	8.42779	0.969743	95.69
20180320_HT29_EGF_8h	6335	20180320_P3_05perc_BckSub	21117	2018-03-23T16:14:35Z	25507	B3	2	3	2	1	1	49	530	162	[522,154,538,172]	55	415757	61	36.4396	5017.25	44.1955	12.1239	7.16224	0.881289	82.8656
20180320_HT29_EGF_8h	6335	20180320_P3_05perc_BckSub	21117	2018-03-23T16:14:35Z	25507	B3	2	3	2	1	1	50	953	159	[939,150,963,170]	56	557583	50.2984	29.7023	4558.19	37.236	13.5093	8.19034	0.883826	122.325
20180320_HT29_EGF_8h	6335	20180320_P3_05perc_BckSub	21117	2018-03-23T16:14:35Z	25507	B3	2	3	2	1	1	51	179	161	[169,151,193,173]	57	887513	48.9928	30.3067	6519.3	36.0244	14.4616	10.1289	0.978405	136.136
20180320_HT29_EGF_8h	6335	20180320_P3_05perc_BckSub	21117	2018-03-23T16:14:35Z	25507	B3	2	3	2	1	1	52	513	162	[504,153,522,173]	58	376875	34.0235	26.8035	4494.52	28.758	11.1046	7.9458	1.0099	83.8521
20180320_HT29_EGF_8h	6335	20180320_P3_05perc_BckSub	21117	2018-03-23T16:14:35Z	25507	B3	2	3	2	1	1	53	932	163	[925,146,942,172]	59	517697	32.0423	28.936	7391.32	29.6231	9.98178	7.9458	0.984256	70.0411
20180320_HT29_EGF_8h	6335	20180320_P3_05perc_BckSub	21117	2018-03-23T16:14:35Z	25507	B3	2	3	2	1	1	54	151	166	[142,156,162,179]	60	394179	38.7342	29.375	5057.91	31.6361	10.7434	7.9458	0.962308	77.9331
20180320_HT29_EGF_8h	6335	20180320_P3_05perc_BckSub	21117	2018-03-23T16:14:35Z	25507	B3	2	3	2	1	1	55	946	168	[939,165,956,174]	61	446956	47.8625	34.878	5663.44	43.4628	11.6254	6.2817	0.818146	78.9196
20180320_HT29_EGF_8h	6335	20180320_P3_05perc_BckSub	21117	2018-03-23T16:14:35Z	25507	B3	2	3	2	1	1	56	1178	169	[1167,162,1187,180]	62	390105	39.9254	29.3318	5902.18	31.831	10.2259	6.2817	0.946531	66.0952
20180320_HT29_EGF_8h	6335	20180320_P3_05perc_BckSub	21117	2018-03-23T16:14:35Z	25507	B3	2	3	2	1	1	57	177	180	[165,169,190,191]	63	619718	53.6319	24.0179	4362.51	35.606	14.0463	11.2371	0.942714	142.055
20180320_HT29_EGF_8h	6335	20180320_P3_05perc_BckSub	21117	2018-03-23T16:14:35Z	25507	B3	2	3	2	1	1	58	138	177	[128,164,151,189]	64	548090	31.49	28.4169	5555.93	29.172	11.1046	10.1289	0.989136	98.6495
20180320_HT29_EGF_8h	6335	20180320_P3_05perc_BckSub	21117	2018-03-23T16:14:35Z	25507	B3	2	3	2	1	1	59	942	181	[932,172,961,190]	65	762142	42.5373	24.7706	5765.49	30.5351	14.2208	10.1289	0.929397	132.19
20180320_HT29_EGF_8h	6335	20180320_P3_05perc_BckSub	21117	2018-03-23T16:14:35Z	25507	B3	2	3	2	1	1	60	515	182	[505,173,530,196]	66	1370870	77.5197	41.7318	9142.37	54.9031	20.4517	8.42779	0.775046	149.947
20180320_HT29_EGF_8h	6335	20180320_P3_05perc_BckSub	21117	2018-03-23T16:14:35Z	25507	B3	2	3	2	1	1	61	1194	179	[1172,158,1216,195]	67	667190	33.6017	36.6613	5731.56	36.2454	12.9119	10.1289	0.981964	116.406
20180320_HT29_EGF_8h	6335	20180320_P3_05perc_BckSub	21117	2018-03-23T16:14:35Z	25507	B3	2	3	2	1	1	62	536	184	[527,174,545,195]	68	384079	38.7821	29.5677	4991.5	31.9088	10.1289	7.9458	0.998948	76.9466
20180320_HT29_EGF_8h	6335	20180320_P3_05perc_BckSub	21117	2018-03-23T16:14:35Z	25507	B3	2	3	2	1	1	63	195	187	[184,174,206,199]	69	441135	35.29	22.9425	4471.74	25.9322	11.6254	8.42779	0.989136	98.6495
20180320_HT29_EGF_8h	6335	20180320_P3_05perc_BckSub	21117	2018-03-23T16:14:35Z	25507	B3	2	3	2	1	1	64	37	189	[27,174,43,197]	70	361232	60.1644	89.9669	5016.12	78.7526	9.78213	7.9458	1.00263	72.0141
20180320_HT29_EGF_8h	6335	20180320_P3_05perc_BckSub	21117	2018-03-23T16:14:35Z	25507	B3	2	3	2	1	1	65	160	188	[149,177,171,200]	71	443287	37.6436	28.3173	4449.07	31.0086	12.5634	8.42779	0.995523	99.636
20180320_HT29_EGF_8h	6335	20180320_P3_05perc_BckSub	21117	2018-03-23T16:14:35Z	25507	B3	2	3	2	1	1	66	24	184	[15,177,30,198]	72	428151	28.4881	24.8591	5166.81	26.1674	10.3696	7.9458	1.00211	82.8656
20180320_HT29_EGF_8h	6335	20180320_P3_05perc_BckSub	21117	2018-03-23T16:14:35Z	25507	B3	2	3	2	1	1	67	57	184	[33,169,73,204]	73	1683860	38.1603	30.7372	5470.88	33.5685	28.1102	11.5829	0.768975	307.786
20180320_HT29_EGF_8h	6335	20180320_P3_05perc_BckSub	21117	2018-03-23T16:14:35Z	25507	B3	2	3	2	1	1	68	1186	199	[1174,188,1202,214]	74	791493	58.0136	40.8141	5458.01	45.5936	15.1934	10.1289	0.955152	145.015
20180320_HT29_EGF_8h	6335	20180320_P3_05perc_BckSub	21117	2018-03-23T16:14:35Z	25507	B3	2	3	2	1	1	69	521	199	[513,191,531,206]	75	633950	78.9853	64.3287	9450.43	69.0521	9.15708	7.16224	0.910885	67.0817
20180320_HT29_EGF_8h	6335	20180320_P3_05perc_BckSub	21117	2018-03-23T16:14:35Z	25507	B3	2	3	2	1	1	70	48	199	[38,191,64,206]	76	716965	134.58	104.225	6107.39	120.57	14.7653	8.42779	0.832632	117.393
20180320_HT29_EGF_8h	6335	20180320_P3_05perc_BckSub	21117	2018-03-23T16:14:35Z	25507	B3	2	3	2	1	1	71	27	201	[18,193,36,215]	77	423477	35.3604	31.6081	3867.33	33.2162	14.1164	8.42779	0.821219	109.501
20180320_HT29_EGF_8h	6335	20180320_P3_05perc_BckSub	21117	2018-03-23T16:14:35Z	25507	B3	2	3	2	1	1	72	169	201	[159,189,179,212]	78	446163	35.6139	23.5508	4477.93	27.1662	12.1239	8.42779	0.957098	99.636
20180320_HT29_EGF_8h	6335	20180320_P3_05perc_BckSub	21117	2018-03-23T16:14:35Z	25507	B3	2	3	2	1	1	73	509	206	[497,192,520,218]	79	1329820	65.5608	35.3416	9108.27	46.7801	14.7653	10.6974	0.930103	146.001
20180320_HT29_EGF_8h	6335	20180320_P3_05perc_BckSub	21117	2018-03-23T16:14:35Z	25507	B3	2	3	2	1	1	74	188	203	[179,192,198,214]	80	386588	34.0845	23.7903	5519.44	25.9527	9.42256	7.9458	0.984256	70.0411
20180320_HT29_EGF_8h	6335	20180320_P3_05perc_BckSub	21117	2018-03-23T16:14:35Z	25507	B3	2	3	2	1	1	75	39	206	[32,198,45,218]	81	423800	78.7865	50.8125	4826.99	63.199	11.6254	8.19034	0.916221	87.798
20180320_HT29_EGF_8h	6335	20180320_P3_05perc_BckSub	21117	2018-03-23T16:14:35Z	25507	B3	2	3	2	1	1	76	492	207	[484,194,500,218]	82	552848	53.0722	22.9894	5777.48	33.2281	12.1239	8.19034	0.863558	95.69
20180320_HT29_EGF_8h	6335	20180320_P3_05perc_BckSub	21117	2018-03-23T16:14:35Z	25507	B3	2	3	2	1	1	77	50	211	[42,204,59,219]	83	353409	35.2625	40.5437	4478.09	38.235	10.1289	7.16224	1.01573	78.9196
20180320_HT29_EGF_8h	6335	20180320_P3_05perc_BckSub	21117	2018-03-23T16:14:35Z	25507	B3	2	3	2	1	1	78	76	212	[67,195,85,227]	84	430894	44.2159	25.0949	4963.56	29.4883	10.6974	8.19034	1.03294	86.8116
20180320_HT29_EGF_8h	6335	20180320_P3_05perc_BckSub	21117	2018-03-23T16:14:35Z	25507	B3	2	3	2	1	1	79	60	220	[50,205,75,233]	85	656873	40.7407	33.3039	6165.43	35.244	12.0012	9.93225	0.999519	106.541
20180320_HT29_EGF_8h	6335	20180320_P3_05perc_BckSub	21117	2018-03-23T16:14:35Z	25507	B3	2	3	2	1	1	80	520	220	[507,210,529,233]	86	412279	25.3333	23.3598	4493.8	23.9127	11.1046	8.42779	1.02499	91.744
20180320_HT29_EGF_8h	6335	20180320_P3_05perc_BckSub	21117	2018-03-23T16:14:35Z	25507	B3	2	3	2	1	1	81	936	222	[926,213,951,235]	87	415600	34.9765	24.7374	4956.35	27.135	10.2259	8.19034	0.96651	83.8521
20180320_HT29_EGF_8h	6335	20180320_P3_05perc_BckSub	21117	2018-03-23T16:14:35Z	25507	B3	2	3	2	1	1	82	271	227	[261,218,286,239]	88	454475	38.1842	26.3477	4041.2	29.7812	12.5634	10.1289	0.96043	112.46
20180320_HT29_EGF_8h	6335	20180320_P3_05perc_BckSub	21117	2018-03-23T16:14:35Z	25507	B3	2	3	2	1	1	83	506	230	[497,221,518,240]	89	443559	36.8667	27.8937	4282.2	30.9135	13.2513	8.19034	0.944813	103.582
20180320_HT29_EGF_8h	6335	20180320_P3_05perc_BckSub	21117	2018-03-23T16:14:35Z	25507	B3	2	3	2	1	1	84	945	236	[933,224,955,246]	90	415698	41.3415	26.7077	5138.89	30.2164	10.2259	8.19034	0.986364	80.8926
20180320_HT29_EGF_8h	6335	20180320_P3_05perc_BckSub	21117	2018-03-23T16:14:35Z	25507	B3	2	3	2	1	1	85	277	244	[268,230,293,255]	91	475035	37.9052	28.4522	4151.19	31.6214	12.4451	10.1289	1.0075	114.433
20180320_HT29_EGF_8h	6335	20180320_P3_05perc_BckSub	21117	2018-03-23T16:14:35Z	25507	B3	2	3	2	1	1	86	515	247	[499,235,525,257]	92	472967	37.5446	24.6161	4280.73	28.0474	12.5634	9.93225	0.985124	110.487
20180320_HT29_EGF_8h	6335	20180320_P3_05perc_BckSub	21117	2018-03-23T16:14:35Z	25507	B3	2	3	2	1	1	87	301	247	[292,236,310,262]	93	568557	44.8211	26.2237	6066.75	31.6935	11.5829	8.42779	0.956617	93.717
20180320_HT29_EGF_8h	6335	20180320_P3_05perc_BckSub	21117	2018-03-23T16:14:35Z	25507	B3	2	3	2	1	1	88	260	245	[252,236,270,260]	94	466058	36.6237	27.019	5079.98	29.967	11.1046	8.42779	0.982756	91.744
20180320_HT29_EGF_8h	6335	20180320_P3_05perc_BckSub	21117	2018-03-23T16:14:35Z	25507	B3	2	3	2	1	1	89	288	255	[280,240,300,267]	95	757444	47.0725	23.5362	5563.86	32.9507	14.7653	10.1289	0.917381	136.136
20180320_HT29_EGF_8h	6335	20180320_P3_05perc_BckSub	21117	2018-03-23T16:14:35Z	25507	B3	2	3	2	1	1	90	269	261	[258,250,280,272]	96	694501	40.1964	28.6992	6285.79	32.1984	12.9119	8.19034	0.949498	110.487
20180320_HT29_EGF_8h	6335	20180320_P3_05perc_BckSub	21117	2018-03-23T16:14:35Z	25507	B3	2	3	2	1	1	91	24	292	[12,282,35,307]	97	863106	50.2925	24.5869	5951.85	32.9469	14.4616	11.2371	1.01811	145.015
20180320_HT29_EGF_8h	6335	20180320_P3_05perc_BckSub	21117	2018-03-23T16:14:35Z	25507	B3	2	3	2	1	1	92	494	295	[482,283,510,309]	98	826124	44.6647	36.2633	5014.57	38.6781	14.3245	11.9187	0.974218	164.745
20180320_HT29_EGF_8h	6335	20180320_P3_05perc_BckSub	21117	2018-03-23T16:14:35Z	25507	B3	2	3	2	1	1	93	1029	309	[1020,301,1044,318]	100	424898	38.8554	29.7309	5189.34	32.012	10.3696	8.19034	0.994265	81.8791
20180320_HT29_EGF_8h	6335	20180320_P3_05perc_BckSub	21117	2018-03-23T16:14:35Z	25507	B3	2	3	2	1	1	94	506	316	[495,303,518,328]	101	900489	47.0952	33.042	6209.64	37.3458	13.9406	11.2371	0.985784	145.015
20180320_HT29_EGF_8h	6335	20180320_P3_05perc_BckSub	21117	2018-03-23T16:14:35Z	25507	B3	2	3	2	1	1	95	485	319	[475,307,496,329]	102	458469	39.459	37.0772	3809.39	37.8147	12.9119	10.1289	1.00308	120.352
20180320_HT29_EGF_8h	6335	20180320_P3_05perc_BckSub	21117	2018-03-23T16:14:35Z	25507	B3	2	3	2	1	1	96	1017	319	[1008,310,1027,329]	104	436617	39.3929	29.5049	5268.98	32.3889	10.3696	8.19034	1.00211	82.8656
20180320_HT29_EGF_8h	6335	20180320_P3_05perc_BckSub	21117	2018-03-23T16:14:35Z	25507	B3	2	3	2	1	1	97	1032	325	[1024,317,1046,334]	105	462762	36.8019	32.5211	4425.44	34.0541	11.6254	9.93225	0.987568	104.568
20180320_HT29_EGF_8h	6335	20180320_P3_05perc_BckSub	21117	2018-03-23T16:14:35Z	25507	B3	2	3	2	1	1	98	16	326	[6,318,26,341]	106	971094	66.3083	30.0459	7401.41	44.7052	18.7401	8.88367	0.793004	131.204
20180320_HT29_EGF_8h	6335	20180320_P3_05perc_BckSub	21117	2018-03-23T16:14:35Z	25507	B3	2	3	2	1	1	99	1302	331	[1291,324,1314,343]	107	417066	34.3684	29.7182	5562.84	31.0934	10.2259	8.19034	0.937696	74.9736
20180320_HT29_EGF_8h	6335	20180320_P3_05perc_BckSub	21117	2018-03-23T16:14:35Z	25507	B3	2	3	2	1	1	100	1317	330	[1311,324,1322,344]	108	421806	35.8941	25.2222	5030.36	30.1522	10.7434	7.9458	0.96651	83.8521
20180320_HT29_EGF_8h	6335	20180320_P3_05perc_BckSub	21117	2018-03-23T16:14:35Z	25507	B3	2	3	2	1	1	101	1009	332	[1001,325,1020,343]	109	470169	36.3953	30.8369	5541.93	32.9427	11.1046	7.9458	1.01763	84.8386
20180320_HT29_EGF_8h	6335	20180320_P3_05perc_BckSub	21117	2018-03-23T16:14:35Z	25507	B3	2	3	2	1	1	102	1029	340	[1019,328,1043,349]	110	462304	28.4692	22.4683	3604.87	24.797	16.2901	8.19034	0.855235	128.244
20180320_HT29_EGF_8h	6335	20180320_P3_05perc_BckSub	21117	2018-03-23T16:14:35Z	25507	B3	2	3	2	1	1	103	1326	343	[1316,327,1335,354]	111	512326	36.3883	25.5612	5042.14	28.8412	12.5634	8.42779	0.96939	101.609
20180320_HT29_EGF_8h	6335	20180320_P3_05perc_BckSub	21117	2018-03-23T16:14:35Z	25507	B3	2	3	2	1	1	104	1001	344	[992,329,1010,355]	113	484418	39.0303	24.565	4960.1	29.0124	11.3245	8.88367	1.02337	97.663
20180320_HT29_EGF_8h	6335	20180320_P3_05perc_BckSub	21117	2018-03-23T16:14:35Z	25507	B3	2	3	2	1	1	105	1302	345	[1294,336,1309,354]	114	421072	35.2817	29.4409	6011.77	31.9695	10.3696	6.2817	0.938088	70.0411
20180320_HT29_EGF_8h	6335	20180320_P3_05perc_BckSub	21117	2018-03-23T16:14:35Z	25507	B3	2	3	2	1	1	106	1288	350	[1279,334,1299,361]	115	411617	36.5181	26.9674	5027.13	29	10.9705	8.19034	0.951381	81.8791
20180320_HT29_EGF_8h	6335	20180320_P3_05perc_BckSub	21117	2018-03-23T16:14:35Z	25507	B3	2	3	2	1	1	107	1018	351	[1006,341,1029,363]	116	458452	32.5877	25.9118	4076.56	27.8834	12.1239	10.1289	0.996369	112.46
20180320_HT29_EGF_8h	6335	20180320_P3_05perc_BckSub	21117	2018-03-23T16:14:35Z	25507	B3	2	3	2	1	1	108	1311	355	[1299,345,1324,366]	117	520701	44.9084	25.8583	4029.23	32.4603	12.9501	10.1289	0.978757	129.231
20180320_HT29_EGF_8h	6335	20180320_P3_05perc_BckSub	21117	2018-03-23T16:14:35Z	25507	B3	2	3	2	1	1	109	218	377	[198,368,229,386]	118	948219	78.8054	50.7143	6451.01	60.1625	16.6495	8.19034	0.764811	146.988
20180320_HT29_EGF_8h	6335	20180320_P3_05perc_BckSub	21117	2018-03-23T16:14:35Z	25507	B3	2	3	2	1	1	110	204	391	[196,385,212,400]	119	461216	45.1358	33.35	5771.98	38.0995	10.3696	8.19034	0.978405	79.9061
20180320_HT29_EGF_8h	6335	20180320_P3_05perc_BckSub	21117	2018-03-23T16:14:35Z	25507	B3	2	3	2	1	1	111	224	393	[209,382,236,405]	120	1584850	56.0534	38.0049	7798.79	47.0954	21.4867	10.1289	0.79588	203.218
20180320_HT29_EGF_8h	6335	20180320_P3_05perc_BckSub	21117	2018-03-23T16:14:35Z	25507	B3	2	3	2	1	1	112	246	393	[226,364,256,405]	121	424232	39.8191	31.4276	4574.89	32.5979	10.3696	9.93225	1.03209	92.7305
20180320_HT29_EGF_8h	6335	20180320_P3_05perc_BckSub	21117	2018-03-23T16:14:35Z	25507	B3	2	3	2	1	1	113	217	406	[211,400,223,413]	122	660448	49.407	40.549	7784.77	46.1095	10.6974	8.19034	0.973994	84.8386
20180320_HT29_EGF_8h	6335	20180320_P3_05perc_BckSub	21117	2018-03-23T16:14:35Z	25507	B3	2	3	2	1	1	114	203	407	[195,398,213,420]	123	898470	44.3175	27.7644	7228.33	34.7167	13.2513	10.1289	0.988248	124.298
20180320_HT29_EGF_8h	6335	20180320_P3_05perc_BckSub	21117	2018-03-23T16:14:35Z	25507	B3	2	3	2	1	1	115	232	408	[221,401,241,417]	124	887184	46.4144	34.6071	8102.07	39.8287	12.9501	8.88367	0.943988	109.501
20180320_HT29_EGF_8h	6335	20180320_P3_05perc_BckSub	21117	2018-03-23T16:14:35Z	25507	B3	2	3	2	1	1	116	248	413	[238,405,259,425]	125	969538	40.7075	32.5749	6685.79	36.3822	15.1609	9.93225	0.898471	145.015
20180320_HT29_EGF_8h	6335	20180320_P3_05perc_BckSub	21117	2018-03-23T16:14:35Z	25507	B3	2	3	2	1	1	117	213	422	[205,414,222,436]	126	397723	31.6364	31.8263	6108.61	31.7725	8.88367	7.16224	0.985124	65.1087
20180320_HT29_EGF_8h	6335	20180320_P3_05perc_BckSub	21117	2018-03-23T16:14:35Z	25507	B3	2	3	2	1	1	118	229	423	[217,416,240,439]	127	846510	48.0566	39.1988	8095.27	42.7154	12.4451	9.93225	0.950667	104.568
20180320_HT29_EGF_8h	6335	20180320_P3_05perc_BckSub	21117	2018-03-23T16:14:35Z	25507	B3	2	3	2	1	1	119	252	429	[241,417,263,439]	128	848625	47.422	33.6419	7892.14	38.2778	11.6254	9.93225	1.00545	107.528
20180320_HT29_EGF_8h	6335	20180320_P3_05perc_BckSub	21117	2018-03-23T16:14:35Z	25507	B3	2	3	2	1	1	120	235	435	[222,426,247,445]	129	846284	42.0631	34.7373	7728.56	37.2165	12.1239	8.42779	0.943988	109.501
20180320_HT29_EGF_8h	6335	20180320_P3_05perc_BckSub	21117	2018-03-23T16:14:35Z	25507	B3	2	3	2	1	1	121	725	473	[709,458,742,495]	130	2491760	131.238	41.8588	11803.1	65.299	19.5894	11.9187	0.940743	211.11
20180320_HT29_EGF_8h	6335	20180320_P3_05perc_BckSub	21117	2018-03-23T16:14:35Z	25507	B3	2	3	2	1	1	122	738	485	[728,477,747,500]	131	1183480	149.442	55.0484	9997.36	92.0654	14.2208	8.19034	0.864995	118.379
20180320_HT29_EGF_8h	6335	20180320_P3_05perc_BckSub	21117	2018-03-23T16:14:35Z	25507	B3	2	3	2	1	1	123	714	499	[706,489,724,512]	132	959737	67.7829	45.3302	7541.67	53.824	14.4616	9.93225	0.937177	127.258
20180320_HT29_EGF_8h	6335	20180320_P3_05perc_BckSub	21117	2018-03-23T16:14:35Z	25507	B3	2	3	2	1	1	124	731	503	[723,494,742,512]	133	889246	75.7328	34.0497	7770.86	51.5054	12.9119	10.1289	0.937128	114.433
20180320_HT29_EGF_8h	6335	20180320_P3_05perc_BckSub	21117	2018-03-23T16:14:35Z	25507	B3	2	3	2	1	1	125	756	503	[742,488,768,517]	134	979953	44.493	25.4234	6995.55	30.2589	13.834	10.1289	1.02982	140.082
20180320_HT29_EGF_8h	6335	20180320_P3_05perc_BckSub	21117	2018-03-23T16:14:35Z	25507	B3	2	3	2	1	1	126	813	511	[799,497,830,526]	135	1472100	43.7825	30.8581	4844.96	36.1516	25.1464	10.1289	0.666235	303.84
20180320_HT29_EGF_8h	6335	20180320_P3_05perc_BckSub	21117	2018-03-23T16:14:35Z	25507	B3	2	3	2	1	1	127	1306	511	[1293,500,1328,524]	136	2653810	60.1833	35.46	8649.98	47.0923	25.1464	14.3245	0.824945	306.8
20180320_HT29_EGF_8h	6335	20180320_P3_05perc_BckSub	21117	2018-03-23T16:14:35Z	25507	B3	2	3	2	1	1	128	1283	510	[1271,498,1295,533]	137	1346690	52.5598	26.4565	7419.19	35.1576	20.4758	9.93225	0.855286	181.515
20180320_HT29_EGF_8h	6335	20180320_P3_05perc_BckSub	21117	2018-03-23T16:14:35Z	25507	B3	2	3	2	1	1	129	839	510	[829,501,856,522]	138	2106500	72.532	31.7588	10518.9	49.7522	21.4867	11.5829	0.845657	200.258
20180320_HT29_EGF_8h	6335	20180320_P3_05perc_BckSub	21117	2018-03-23T16:14:35Z	25507	B3	2	3	2	1	1	130	1294	519	[1287,513,1301,527]	139	488216	40.2805	38.7727	6035.37	39.6081	9.98178	8.19034	0.943735	80.8926
20180320_HT29_EGF_8h	6335	20180320_P3_05perc_BckSub	21117	2018-03-23T16:14:35Z	25507	B3	2	3	2	1	1	131	831	527	[823,517,844,535]	140	843521	55.2	25.8978	7435.38	39.2698	15.5147	6.2817	0.740283	113.447
20180320_HT29_EGF_8h	6335	20180320_P3_05perc_BckSub	21117	2018-03-23T16:14:35Z	25507	B3	2	3	2	1	1	132	855	527	[841,516,863,538]	141	1024020	43.442	27.8792	7522.01	34.1043	13.834	10.1289	0.862442	136.136
20180320_HT29_EGF_8h	6335	20180320_P3_05perc_BckSub	21117	2018-03-23T16:14:35Z	25507	B3	2	3	2	1	1	133	1313	532	[1304,522,1325,546]	142	1186440	49.7198	33.3618	6608.12	40.3178	19.1051	10.1289	0.828071	179.542
20180320_HT29_EGF_8h	6335	20180320_P3_05perc_BckSub	21117	2018-03-23T16:14:35Z	25507	B3	2	3	2	1	1	134	1294	534	[1285,524,1304,546]	143	489006	54.693	41.6682	4348.25	46.0742	12.5634	8.42779	0.96043	112.46
20180320_HT29_EGF_8h	6335	20180320_P3_05perc_BckSub	21117	2018-03-23T16:14:35Z	25507	B3	2	3	2	1	1	135	91	738	[79,723,103,750]	144	488758	44.5922	27.049	4810.18	30.7291	11.3245	9.93225	0.96939	101.609
20180320_HT29_EGF_8h	6335	20180320_P3_05perc_BckSub	21117	2018-03-23T16:14:35Z	25507	B3	2	3	2	1	1	136	191	749	[163,738,203,764]	145	1153230	73.6929	31.033	8350.1	39.386	18.9755	8.42779	0.844917	138.109
20180320_HT29_EGF_8h	6335	20180320_P3_05perc_BckSub	21117	2018-03-23T16:14:35Z	25507	B3	2	3	2	1	1	137	86	763	[74,752,102,778]	146	538489	42.1094	25.0116	4264.54	29.6287	13.7983	9.93225	0.998187	126.271
20180320_HT29_EGF_8h	6335	20180320_P3_05perc_BckSub	21117	2018-03-23T16:14:35Z	25507	B3	2	3	2	1	1	138	181	768	[161,758,192,781]	147	1829410	65.931	32.7201	9135.25	46.3125	18.555	10.1289	0.910248	200.258
20180320_HT29_EGF_8h	6335	20180320_P3_05perc_BckSub	21117	2018-03-23T16:14:35Z	25507	B3	2	3	2	1	1	139	608	768	[599,759,622,778]	149	541030	48.6176	37.6398	5376.83	40.7245	12.5634	8.42779	0.927053	100.622
20180320_HT29_EGF_8h	6335	20180320_P3_05perc_BckSub	21117	2018-03-23T16:14:35Z	25507	B3	2	3	2	1	1	140	100	774	[86,764,110,784]	150	473611	51.3333	32.6337	5334.39	37.6877	11.3245	8.19034	1.00342	88.7845
20180320_HT29_EGF_8h	6335	20180320_P3_05perc_BckSub	21117	2018-03-23T16:14:35Z	25507	B3	2	3	2	1	1	141	625	777	[615,768,634,790]	151	1023650	51.2969	30.0591	8106.73	38.7166	12.9119	10.1289	0.998187	126.271
20180320_HT29_EGF_8h	6335	20180320_P3_05perc_BckSub	21117	2018-03-23T16:14:35Z	25507	B3	2	3	2	1	1	142	608	785	[598,778,616,792]	152	510857	43.9222	32.1134	5753.9	37.7968	11.1046	8.19034	0.961865	88.7845
20180320_HT29_EGF_8h	6335	20180320_P3_05perc_BckSub	21117	2018-03-23T16:14:35Z	25507	B3	2	3	2	1	1	143	104	793	[90,779,118,805]	153	823780	58.8365	26.765	5251.94	36.1734	14.7653	11.5829	0.973288	156.853
20180320_HT29_EGF_8h	6335	20180320_P3_05perc_BckSub	21117	2018-03-23T16:14:35Z	25507	B3	2	3	2	1	1	144	620	794	[612,787,632,801]	154	584499	48.8317	30.7462	5866.35	38.6537	12.9119	8.42779	0.995523	99.636
20180320_HT29_EGF_8h	6335	20180320_P3_05perc_BckSub	21117	2018-03-23T16:14:35Z	25507	B3	2	3	2	1	1	145	598	795	[590,786,612,806]	155	449419	35.4429	32.7248	6508.17	33.3854	10.6974	6.2817	0.929101	69.0546
20180320_HT29_EGF_8h	6335	20180320_P3_05perc_BckSub	21117	2018-03-23T16:14:35Z	25507	B3	2	3	2	1	1	146	611	808	[599,798,627,820]	156	648355	57.3714	37.1896	4694.51	43.2398	13.834	11.2371	1.02071	138.109
20180320_HT29_EGF_8h	6335	20180320_P3_05perc_BckSub	21117	2018-03-23T16:14:35Z	25507	B3	2	3	2	1	1	147	1239	999	[1214,985,1254,1015]	157	1953610	68.8421	35.3305	11581	41.8721	20.6677	9.93225	0.77542	168.691
20180320_HT29_EGF_8h	6335	20180320_P3_05perc_BckSub	21117	2018-03-23T16:14:35Z	25507	B3	2	3	3	1	1	1	50	18	[38,8,60,29]	4	443087	35.3462	22.9654	4318.78	26.809	12.5634	8.19034	0.938927	102.595
20180320_HT29_EGF_8h	6335	20180320_P3_05perc_BckSub	21117	2018-03-23T16:14:35Z	25507	B3	2	3	3	1	1	2	48	38	[38,27,61,48]	5	459995	39.6579	22.3032	4090.28	26.9693	12.4451	10.1289	0.996369	112.46
20180320_HT29_EGF_8h	6335	20180320_P3_05perc_BckSub	21117	2018-03-23T16:14:35Z	25507	B3	2	3	3	1	1	3	826	93	[815,82,840,108]	7	439665	38.16	23.0462	4456.84	26.0039	10.9705	9.93225	0.989136	98.6495
20180320_HT29_EGF_8h	6335	20180320_P3_05perc_BckSub	21117	2018-03-23T16:14:35Z	25507	B3	2	3	3	1	1	4	921	154	[911,144,936,168]	8	448534	32.8083	28.6305	3788.95	29.9892	12.9119	10.1289	0.992572	118.379
20180320_HT29_EGF_8h	6335	20180320_P3_05perc_BckSub	21117	2018-03-23T16:14:35Z	25507	B3	2	3	3	1	1	5	948	159	[937,148,962,170]	9	910558	51.6641	34.4317	7045.98	40.0473	14.1164	10.1289	0.946479	129.231
20180320_HT29_EGF_8h	6335	20180320_P3_05perc_BckSub	21117	2018-03-23T16:14:35Z	25507	B3	2	3	3	1	1	6	931	165	[916,153,941,178]	10	897625	40.76	34.2029	7279.3	36.6717	12.5634	10.1289	0.983245	123.312
20180320_HT29_EGF_8h	6335	20180320_P3_05perc_BckSub	21117	2018-03-23T16:14:35Z	25507	B3	2	3	3	1	1	7	940	178	[929,168,960,187]	11	965430	43.1	28.6456	6990.34	33.0833	13.2513	11.2371	0.987354	138.109
20180320_HT29_EGF_8h	6335	20180320_P3_05perc_BckSub	21117	2018-03-23T16:14:35Z	25507	B3	2	3	3	1	1	8	1027	213	[1014,202,1040,229]	12	959611	39.2516	27.6128	6117.91	31.6711	13.5093	11.9187	0.973288	156.853
20180320_HT29_EGF_8h	6335	20180320_P3_05perc_BckSub	21117	2018-03-23T16:14:35Z	25507	B3	2	3	3	1	1	9	1082	220	[1069,209,1096,234]	13	867523	33.3929	27.2315	5234.52	29.3354	20.4517	8.42779	0.729528	165.731
20180320_HT29_EGF_8h	6335	20180320_P3_05perc_BckSub	21117	2018-03-23T16:14:35Z	25507	B3	2	3	3	1	1	10	1101	217	[1093,208,1108,230]	14	415982	38.5312	24.5342	6588.7	27.6996	9.42256	6.2817	0.964839	63.1357
20180320_HT29_EGF_8h	6335	20180320_P3_05perc_BckSub	21117	2018-03-23T16:14:35Z	25507	B3	2	3	3	1	1	11	1013	223	[1003,213,1029,236]	15	895407	45.3609	28.7592	6824.55	34.6005	13.5093	10.1289	0.98822	131.204
20180320_HT29_EGF_8h	6335	20180320_P3_05perc_BckSub	21117	2018-03-23T16:14:35Z	25507	B3	2	3	3	1	1	12	1085	238	[1077,230,1096,250]	16	424523	35.9211	30.1653	5662.3	31.5673	10.7434	7.9458	0.937696	74.9736
20180320_HT29_EGF_8h	6335	20180320_P3_05perc_BckSub	21117	2018-03-23T16:14:35Z	25507	B3	2	3	3	1	1	13	1007	241	[996,231,1022,259]	17	919472	36.648	29.8942	5207.04	32.5629	19.0792	9.93225	0.909232	176.583
20180320_HT29_EGF_8h	6335	20180320_P3_05perc_BckSub	21117	2018-03-23T16:14:35Z	25507	B3	2	3	3	1	1	14	1102	240	[1094,233,1112,248]	18	463172	275.986	115.387	6521.01	170.713	11.1046	6.2817	0.863939	71.0276
20180320_HT29_EGF_8h	6335	20180320_P3_05perc_BckSub	21117	2018-03-23T16:14:35Z	25507	B3	2	3	3	1	1	15	1025	248	[1010,235,1036,260]	19	887341	37.4803	29.735	5917.69	32.2452	15.1283	10.1289	0.946013	149.947
20180320_HT29_EGF_8h	6335	20180320_P3_05perc_BckSub	21117	2018-03-23T16:14:35Z	25507	B3	2	3	3	1	1	16	1115	251	[1106,241,1123,260]	20	461181	47.631	35.5849	5565.42	39.749	11.3245	7.9458	1.00211	82.8656
20180320_HT29_EGF_8h	6335	20180320_P3_05perc_BckSub	21117	2018-03-23T16:14:35Z	25507	B3	2	3	3	1	1	17	1103	250	[1096,246,1107,258]	21	445778	50.8415	66.8	5510.74	52.5761	11.3245	6.2817	0.866963	80.8926
20180320_HT29_EGF_8h	6335	20180320_P3_05perc_BckSub	21117	2018-03-23T16:14:35Z	25507	B3	2	3	3	1	1	18	1091	255	[1084,248,1100,267]	22	521365	40.6744	26.1894	6145.37	31.9037	11.6254	7.9458	0.973994	84.8386
20180320_HT29_EGF_8h	6335	20180320_P3_05perc_BckSub	21117	2018-03-23T16:14:35Z	25507	B3	2	3	3	1	1	19	1105	261	[1099,257,1109,270]	23	481755	46.1642	38.4688	7288.81	43.6768	9.37006	7.16224	0.901653	66.0952
20180320_HT29_EGF_8h	6335	20180320_P3_05perc_BckSub	21117	2018-03-23T16:14:35Z	25507	B3	2	3	3	1	1	20	196	266	[185,255,213,278]	24	484669	40.9159	26.4879	4591.63	29.4624	12.0012	9.93225	0.99356	105.555
20180320_HT29_EGF_8h	6335	20180320_P3_05perc_BckSub	21117	2018-03-23T16:14:35Z	25507	B3	2	3	3	1	1	21	1114	265	[1106,257,1124,273]	25	472864	44.1299	37.7553	6225.16	40.6257	10.3696	7.9458	0.90463	75.9601
20180320_HT29_EGF_8h	6335	20180320_P3_05perc_BckSub	21117	2018-03-23T16:14:35Z	25507	B3	2	3	3	1	1	22	1095	270	[1086,262,1104,281]	26	501067	42.7128	28.6875	5403.48	34.6261	11.3245	8.19034	0.949992	92.7305
20180320_HT29_EGF_8h	6335	20180320_P3_05perc_BckSub	21117	2018-03-23T16:14:35Z	25507	B3	2	3	3	1	1	23	1130	265	[1122,254,1137,282]	27	389314	38.764	29.9956	4434.2	32.4574	11.3245	8.19034	0.954809	87.798
20180320_HT29_EGF_8h	6335	20180320_P3_05perc_BckSub	21117	2018-03-23T16:14:35Z	25507	B3	2	3	3	1	1	24	1117	275	[1108,269,1123,281]	28	496826	36.7662	33.6346	6540.62	35.5039	9.93225	7.9458	0.945964	75.9601
20180320_HT29_EGF_8h	6335	20180320_P3_05perc_BckSub	21117	2018-03-23T16:14:35Z	25507	B3	2	3	3	1	1	25	1103	280	[1092,273,1111,287]	29	449568	38.9873	35.7288	5768.65	37.0355	10.6974	7.16224	1.00737	77.9331
20180320_HT29_EGF_8h	6335	20180320_P3_05perc_BckSub	21117	2018-03-23T16:14:35Z	25507	B3	2	3	3	1	1	26	1124	283	[1110,277,1130,291]	30	502201	34.8559	31.8817	4314.2	33.545	12.7195	8.88367	0.85544	116.406
20180320_HT29_EGF_8h	6335	20180320_P3_05perc_BckSub	21117	2018-03-23T16:14:35Z	25507	B3	2	3	3	1	1	27	1102	293	[1088,284,1111,302]	31	726118	35.7404	32.4094	7077.49	33.7787	12.7195	8.19034	0.938927	102.595
20180320_HT29_EGF_8h	6335	20180320_P3_05perc_BckSub	21117	2018-03-23T16:14:35Z	25507	B3	2	3	3	1	1	28	1129	300	[1103,291,1140,312]	32	697228	34.8065	35.3145	7599.71	35.2292	12.2855	7.9458	0.906428	91.744
20180320_HT29_EGF_8h	6335	20180320_P3_05perc_BckSub	21117	2018-03-23T16:14:35Z	25507	B3	2	3	3	1	1	29	1094	302	[1086,292,1105,313]	33	499816	36.783	23.672	4779.79	28.3831	13.2513	8.42779	0.883354	104.568
20180320_HT29_EGF_8h	6335	20180320_P3_05perc_BckSub	21117	2018-03-23T16:14:35Z	25507	B3	2	3	3	1	1	30	1079	380	[1068,369,1092,392]	34	474254	49.6226	35.0188	4535.35	38.6612	12.9119	8.42779	1.02692	104.568
20180320_HT29_EGF_8h	6335	20180320_P3_05perc_BckSub	21117	2018-03-23T16:14:35Z	25507	B3	2	3	3	1	1	31	1018	389	[1006,377,1031,402]	35	452728	43.4486	27.6836	4289.03	31.1979	11.3245	9.93225	0.99356	105.555
20180320_HT29_EGF_8h	6335	20180320_P3_05perc_BckSub	21117	2018-03-23T16:14:35Z	25507	B3	2	3	3	1	1	32	1068	392	[1058,381,1080,403]	36	425314	41.1447	28.0996	5672.86	31.329	9.78213	7.9458	0.981909	74.9736
20180320_HT29_EGF_8h	6335	20180320_P3_05perc_BckSub	21117	2018-03-23T16:14:35Z	25507	B3	2	3	3	1	1	33	1144	394	[1132,386,1155,403]	37	526879	36.8073	26.6517	4899.93	30.5087	12.7195	8.19034	0.932882	107.528
20180320_HT29_EGF_8h	6335	20180320_P3_05perc_BckSub	21117	2018-03-23T16:14:35Z	25507	B3	2	3	3	1	1	34	1151	405	[1144,397,1160,411]	38	890206	72.5806	50.3889	7277.36	67.5875	15.7043	9.93225	0.883826	122.325
20180320_HT29_EGF_8h	6335	20180320_P3_05perc_BckSub	21117	2018-03-23T16:14:35Z	25507	B3	2	3	3	1	1	35	1165	400	[1155,388,1182,429]	39	998846	47.4113	31.9223	7180.99	35.2515	16.3807	9.93225	0.930125	139.096
20180320_HT29_EGF_8h	6335	20180320_P3_05perc_BckSub	21117	2018-03-23T16:14:35Z	25507	B3	2	3	3	1	1	36	1079	404	[1068,395,1090,414]	40	402231	41.8462	29.7209	4480.64	32.8825	11.3245	7.9458	0.929863	89.771
20180320_HT29_EGF_8h	6335	20180320_P3_05perc_BckSub	21117	2018-03-23T16:14:35Z	25507	B3	2	3	3	1	1	37	1136	411	[1127,400,1146,424]	41	847173	65.9402	46.6333	7339.92	54.2391	11.96	9.93225	0.942353	115.42
20180320_HT29_EGF_8h	6335	20180320_P3_05perc_BckSub	21117	2018-03-23T16:14:35Z	25507	B3	2	3	3	1	1	38	1156	419	[1137,410,1165,430]	42	1236170	59.9257	43.1474	7160.52	51.1918	20.4758	9.93225	0.872559	172.637
20180320_HT29_EGF_8h	6335	20180320_P3_05perc_BckSub	21117	2018-03-23T16:14:35Z	25507	B3	2	3	3	1	1	39	1127	421	[1119,411,1137,433]	43	689425	48.8049	28.9469	5681.81	39.2966	14.3245	8.42779	0.940044	121.339
20180320_HT29_EGF_8h	6335	20180320_P3_05perc_BckSub	21117	2018-03-23T16:14:35Z	25507	B3	2	3	3	1	1	40	1075	425	[1064,415,1090,436]	44	941573	38.2782	29.7024	7176.41	32.4052	13.0638	11.2371	1.02265	131.204
20180320_HT29_EGF_8h	6335	20180320_P3_05perc_BckSub	21117	2018-03-23T16:14:35Z	25507	B3	2	3	3	1	1	41	1115	428	[1096,414,1126,438]	45	911931	39.1064	25.4304	6556.13	29.7156	13.834	10.1289	0.930125	139.096
20180320_HT29_EGF_8h	6335	20180320_P3_05perc_BckSub	21117	2018-03-23T16:14:35Z	25507	B3	2	3	3	1	1	42	1096	433	[1086,425,1105,444]	46	1066830	60.5914	38.2405	11628.4	46.5219	10.3696	8.42779	0.982756	91.744
20180320_HT29_EGF_8h	6335	20180320_P3_05perc_BckSub	21117	2018-03-23T16:14:35Z	25507	B3	2	3	3	1	1	43	1146	434	[1139,427,1166,445]	47	1107720	47.8344	31.2248	7152.14	38.1787	17.6	8.19034	0.714349	154.88
20180320_HT29_EGF_8h	6335	20180320_P3_05perc_BckSub	21117	2018-03-23T16:14:35Z	25507	B3	2	3	3	1	1	44	1130	440	[1117,431,1139,449]	48	377048	39.8429	26.8981	5460.14	30.1812	11.6254	5.95935	0.974948	69.0546
20180320_HT29_EGF_8h	6335	20180320_P3_05perc_BckSub	21117	2018-03-23T16:14:35Z	25507	B3	2	3	3	1	1	45	1083	440	[1074,431,1091,450]	49	666270	46.6778	37.4394	7504.34	41.1847	12.1239	7.9458	0.852708	88.7845
20180320_HT29_EGF_8h	6335	20180320_P3_05perc_BckSub	21117	2018-03-23T16:14:35Z	25507	B3	2	3	3	1	1	46	1067	444	[1058,432,1076,455]	50	484699	36.1351	25.335	4426.43	29.1529	12.4451	9.93225	1.01721	109.501
20180320_HT29_EGF_8h	6335	20180320_P3_05perc_BckSub	21117	2018-03-23T16:14:35Z	25507	B3	2	3	3	1	1	47	1106	443	[1096,432,1116,453]	51	808747	61.125	32.7566	9316.12	43.1583	11.1046	8.42779	0.988809	86.8116
20180320_HT29_EGF_8h	6335	20180320_P3_05perc_BckSub	21117	2018-03-23T16:14:35Z	25507	B3	2	3	3	1	1	48	1152	449	[1136,438,1162,461]	52	1643940	68.0909	32.2051	10099.7	45.7237	18.2332	10.1289	0.863184	162.772
20180320_HT29_EGF_8h	6335	20180320_P3_05perc_BckSub	21117	2018-03-23T16:14:35Z	25507	B3	2	3	3	1	1	49	703	452	[686,437,718,466]	53	1697980	65.543	36.5427	7788.37	45.395	19.5894	11.9187	0.9363	218.015
20180320_HT29_EGF_8h	6335	20180320_P3_05perc_BckSub	21117	2018-03-23T16:14:35Z	25507	B3	2	3	3	1	1	50	1083	458	[1069,445,1097,466]	54	510060	50.9565	64.8074	7493.38	62.189	8.99403	7.16224	0.96556	68.0682
20180320_HT29_EGF_8h	6335	20180320_P3_05perc_BckSub	21117	2018-03-23T16:14:35Z	25507	B3	2	3	3	1	1	51	1101	459	[1090,448,1111,468]	55	688588	58.7404	27.2778	6711.68	39.5789	13.3255	7.9458	0.841746	102.595
20180320_HT29_EGF_8h	6335	20180320_P3_05perc_BckSub	21117	2018-03-23T16:14:35Z	25507	B3	2	3	3	1	1	52	185	509	[171,500,195,523]	56	566948	43.3585	32.8755	5421.78	35.8706	11.3245	9.93225	0.987568	104.568
20180320_HT29_EGF_8h	6335	20180320_P3_05perc_BckSub	21117	2018-03-23T16:14:35Z	25507	B3	2	3	3	1	1	53	162	516	[151,509,172,528]	57	514777	36.3982	30.58	4617.91	33.0798	12.1239	9.93225	0.954978	111.474
20180320_HT29_EGF_8h	6335	20180320_P3_05perc_BckSub	21117	2018-03-23T16:14:35Z	25507	B3	2	3	3	1	1	54	176	517	[170,509,189,526]	58	502317	42.4	33.7195	5990.52	38.1377	10.3696	8.19034	0.96651	83.8521
20180320_HT29_EGF_8h	6335	20180320_P3_05perc_BckSub	21117	2018-03-23T16:14:35Z	25507	B3	2	3	3	1	1	55	155	525	[146,517,165,535]	59	494705	36.2742	32.6538	8088.34	33.8229	12.7195	5.61853	0.854154	61.1627
20180320_HT29_EGF_8h	6335	20180320_P3_05perc_BckSub	21117	2018-03-23T16:14:35Z	25507	B3	2	3	3	1	1	56	176	533	[166,523,188,544]	60	905414	47.3182	28.5694	6953.1	35.681	12.9501	11.2371	0.983499	130.217
20180320_HT29_EGF_8h	6335	20180320_P3_05perc_BckSub	21117	2018-03-23T16:14:35Z	25507	B3	2	3	3	1	1	57	142	528	[134,519,152,540]	61	519502	36.9545	29.3931	5984.25	31.9425	10.6974	7.9458	0.947706	86.8116
20180320_HT29_EGF_8h	6335	20180320_P3_05perc_BckSub	21117	2018-03-23T16:14:35Z	25507	B3	2	3	3	1	1	58	160	540	[151,531,171,549]	62	445418	34.75	29.5759	4907.78	31.258	12.0012	8.19034	0.975837	90.7575
20180320_HT29_EGF_8h	6335	20180320_P3_05perc_BckSub	21117	2018-03-23T16:14:35Z	25507	B3	2	3	3	1	1	59	140	545	[129,533,152,554]	63	537378	38.157	26.0972	4501.94	30.0625	12.9501	9.93225	0.930139	119.366
20180320_HT29_EGF_8h	6335	20180320_P3_05perc_BckSub	21117	2018-03-23T16:14:35Z	25507	B3	2	3	3	1	1	60	1159	587	[1142,576,1175,606]	64	1431480	51.0588	31.7133	6565.97	38.4355	21.4867	11.9187	0.851717	218.015
20180320_HT29_EGF_8h	6335	20180320_P3_05perc_BckSub	21117	2018-03-23T16:14:35Z	25507	B3	2	3	3	1	1	61	1154	604	[1143,594,1168,616]	65	981297	43.1307	31.4421	6501.51	36.656	18.2602	8.19034	0.869463	150.934
20180320_HT29_EGF_8h	6335	20180320_P3_05perc_BckSub	21117	2018-03-23T16:14:35Z	25507	B3	2	3	3	1	1	62	1137	600	[1125,592,1146,609]	66	412428	38.4815	22.7738	5161.41	27.8835	11.96	5.95935	0.792895	79.9061
20180320_HT29_EGF_8h	6335	20180320_P3_05perc_BckSub	21117	2018-03-23T16:14:35Z	25507	B3	2	3	3	1	1	63	1138	614	[1128,607,1150,625]	67	1871910	61.9322	31.0174	10720.5	49.7568	15.7043	11.5829	0.927757	174.61
20180320_HT29_EGF_8h	6335	20180320_P3_05perc_BckSub	21117	2018-03-23T16:14:35Z	25507	B3	2	3	3	1	1	64	1177	616	[1166,605,1189,628]	68	473052	41.2449	27.2655	4893.14	30.4005	11.3245	8.42779	1.01671	96.6765
20180320_HT29_EGF_8h	6335	20180320_P3_05perc_BckSub	21117	2018-03-23T16:14:35Z	25507	B3	2	3	3	1	1	65	1156	623	[1146,613,1165,638]	69	1436950	50.9176	24.2778	8003.39	37.0368	18.3142	10.1289	0.849315	179.542
20180320_HT29_EGF_8h	6335	20180320_P3_05perc_BckSub	21117	2018-03-23T16:14:35Z	25507	B3	2	3	3	1	1	66	1139	629	[1131,621,1147,636]	70	844613	61.8659	30.8468	10441.2	43.1942	11.5829	6.2817	0.769161	80.8926
20180320_HT29_EGF_8h	6335	20180320_P3_05perc_BckSub	21117	2018-03-23T16:14:35Z	25507	B3	2	3	3	1	1	67	1133	665	[1106,644,1146,687]	71	937720	47.0427	29.8283	5796.08	32.4742	15.7043	11.2371	0.992353	161.785
20180320_HT29_EGF_8h	6335	20180320_P3_05perc_BckSub	21117	2018-03-23T16:14:35Z	25507	B3	2	3	3	1	1	68	538	772	[523,761,552,785]	72	1010030	77.2535	57.5223	7210.27	63.9931	16.046	8.42779	0.934338	140.082
20180320_HT29_EGF_8h	6335	20180320_P3_05perc_BckSub	21117	2018-03-23T16:14:35Z	25507	B3	2	3	3	1	1	69	521	780	[510,768,534,793]	73	1490170	53.125	53.5152	9937.98	53.3603	16.0153	10.1289	0.917937	149.947
20180320_HT29_EGF_8h	6335	20180320_P3_05perc_BckSub	21117	2018-03-23T16:14:35Z	25507	B3	2	3	3	1	1	70	507	772	[497,764,516,780]	74	382537	54.4348	35.5964	8429.87	39.684	7.23078	6.2817	0.9632	45.3788
20180320_HT29_EGF_8h	6335	20180320_P3_05perc_BckSub	21117	2018-03-23T16:14:35Z	25507	B3	2	3	3	1	1	71	496	782	[486,772,510,797]	75	2444140	67.2913	38.3856	12027.2	54.9721	17.6	11.9187	0.896066	203.218
20180320_HT29_EGF_8h	6335	20180320_P3_05perc_BckSub	21117	2018-03-23T16:14:35Z	25507	B3	2	3	3	1	1	72	552	784	[536,772,561,796]	76	470598	41.6535	31.4155	4723.17	34.0202	11.3245	9.93225	1.03659	99.636
20180320_HT29_EGF_8h	6335	20180320_P3_05perc_BckSub	21117	2018-03-23T16:14:35Z	25507	B3	2	3	3	1	1	73	511	799	[502,788,525,808]	77	1782690	61.8919	31.7305	12210.1	45.9016	15.419	10.1289	0.930103	146.001
20180320_HT29_EGF_8h	6335	20180320_P3_05perc_BckSub	21117	2018-03-23T16:14:35Z	25507	B3	2	3	3	1	1	74	495	805	[484,789,507,816]	78	1296290	51.6608	27.1607	7684.43	36.4501	20.4758	9.93225	0.815781	168.691
20180320_HT29_EGF_8h	6335	20180320_P3_05perc_BckSub	21117	2018-03-23T16:14:35Z	25507	B3	2	3	3	1	1	75	1334	804	[1322,793,1345,815]	79	399952	33.5175	25.2373	3556.38	27.4326	14.3245	8.19034	0.864555	112.46
20180320_HT29_EGF_8h	6335	20180320_P3_05perc_BckSub	21117	2018-03-23T16:14:35Z	25507	B3	2	3	3	1	1	76	1307	826	[1298,819,1316,837]	80	670439	48.02	29.4795	6796.17	37.0163	12.5634	8.42779	0.915041	98.6495
20180320_HT29_EGF_8h	6335	20180320_P3_05perc_BckSub	21117	2018-03-23T16:14:35Z	25507	B3	2	3	3	1	1	77	1292	829	[1283,821,1301,843]	81	488702	38.3524	28.2011	4718.02	31.9542	12.1239	8.42779	0.981542	103.582
20180320_HT29_EGF_8h	6335	20180320_P3_05perc_BckSub	21117	2018-03-23T16:14:35Z	25507	B3	2	3	3	1	1	78	1319	836	[1311,827,1332,859]	82	1197330	51.3378	28.2237	8200.84	35.792	16.046	10.1289	1.02244	146.001
20180320_HT29_EGF_8h	6335	20180320_P3_05perc_BckSub	21117	2018-03-23T16:14:35Z	25507	B3	2	3	3	1	1	79	1263	836	[1253,829,1271,845]	83	508926	44.9351	26.7105	6699.91	32.8384	11.3245	7.16224	0.945964	75.9601
20180320_HT29_EGF_8h	6335	20180320_P3_05perc_BckSub	21117	2018-03-23T16:14:35Z	25507	B3	2	3	3	1	1	80	1278	838	[1271,830,1287,849]	84	428620	35.0471	24.0115	5111.62	27.6332	10.5581	8.19034	0.926101	83.8521
20180320_HT29_EGF_8h	6335	20180320_P3_05perc_BckSub	21117	2018-03-23T16:14:35Z	25507	B3	2	3	3	1	1	81	1309	842	[1304,837,1315,856]	85	592600	43.9022	23.6866	6529.49	35.3836	12.9501	6.2817	0.865496	90.7575
20180320_HT29_EGF_8h	6335	20180320_P3_05perc_BckSub	21117	2018-03-23T16:14:35Z	25507	B3	2	3	3	1	1	82	1297	844	[1289,837,1305,853]	86	519290	35.8652	31.2065	5914.6	33.4972	11.1046	8.19034	0.954809	87.798
20180320_HT29_EGF_8h	6335	20180320_P3_05perc_BckSub	21117	2018-03-23T16:14:35Z	25507	B3	2	3	3	1	1	83	1263	852	[1255,843,1274,860]	87	327354	32.1125	28.9761	4147.94	29.8443	12.1239	5.95935	0.786	78.9196
20180320_HT29_EGF_8h	6335	20180320_P3_05perc_BckSub	21117	2018-03-23T16:14:35Z	25507	B3	2	3	3	1	1	84	1293	854	[1284,846,1304,864]	88	392373	34.3404	31.4929	4231.33	32.6368	12.2855	8.19034	0.989631	92.7305
20180320_HT29_EGF_8h	6335	20180320_P3_05perc_BckSub	21117	2018-03-23T16:14:35Z	25507	B3	2	3	3	1	1	85	1279	857	[1271,849,1288,868]	89	482194	35.3058	25.6209	4039.63	29.8978	12.5634	9.93225	0.962996	119.366
20180320_HT29_EGF_8h	6335	20180320_P3_05perc_BckSub	21117	2018-03-23T16:14:35Z	25507	B3	2	3	3	1	1	86	1292	872	[1283,862,1303,881]	90	460392	38.828	25.9596	5018.23	29.7468	12.0012	8.19034	0.943325	91.744
20180320_HT29_EGF_8h	6335	20180320_P3_05perc_BckSub	21117	2018-03-23T16:14:35Z	25507	B3	2	3	3	1	1	87	824	896	[814,886,837,906]	91	425462	44.0513	30.5016	5529.32	33.2468	9.78213	8.19034	1.04729	76.9466
20180320_HT29_EGF_8h	6335	20180320_P3_05perc_BckSub	21117	2018-03-23T16:14:35Z	25507	B3	2	3	3	1	1	88	1297	901	[1285,891,1311,919]	92	761067	48.551	35.2342	7872.31	37.72	14.7653	7.16224	0.938386	96.6765
20180320_HT29_EGF_8h	6335	20180320_P3_05perc_BckSub	21117	2018-03-23T16:14:35Z	25507	B3	2	3	3	1	1	89	1290	921	[1279,908,1306,932]	93	719085	48.4747	31.4464	3681.46	38.3696	17.5719	12.7195	0.943325	195.326
20180320_HT29_EGF_8h	6335	20180320_P3_05perc_BckSub	21117	2018-03-23T16:14:35Z	25507	B3	2	3	11	1	1	1	941	97	[930,86,954,111]	3	428339	39	24.8567	4430.64	28.1103	11.3245	8.42779	1.01671	96.6765
20180320_HT29_EGF_8h	6335	20180320_P3_05perc_BckSub	21117	2018-03-23T16:14:35Z	25507	B3	2	3	11	1	1	2	957	108	[940,95,969,122]	4	478463	35.8478	22.2261	3514.59	25.7332	12.9501	11.2371	0.978405	136.136
20180320_HT29_EGF_8h	6335	20180320_P3_05perc_BckSub	21117	2018-03-23T16:14:35Z	25507	B3	2	3	11	1	1	3	896	144	[883,132,909,156]	5	881082	43.4663	33.1199	5479.41	36.6333	15.9226	11.9187	0.988567	160.799
20180320_HT29_EGF_8h	6335	20180320_P3_05perc_BckSub	21117	2018-03-23T16:14:35Z	25507	B3	2	3	11	1	1	4	886	157	[877,145,895,168]	6	786440	58.8571	39.4259	8760.51	45.1857	11.1046	8.19034	1.01066	89.771
20180320_HT29_EGF_8h	6335	20180320_P3_05perc_BckSub	21117	2018-03-23T16:14:35Z	25507	B3	2	3	11	1	1	5	903	162	[890,156,916,170]	7	556598	41.1028	22.8491	5273.07	30.1917	13.5093	8.19034	0.828723	105.555
20180320_HT29_EGF_8h	6335	20180320_P3_05perc_BckSub	21117	2018-03-23T16:14:35Z	25507	B3	2	3	11	1	1	6	897	179	[886,169,910,188]	8	1203250	76.7477	33.122	11399.3	44.7338	12.1239	9.93225	0.956488	105.555
20180320_HT29_EGF_8h	6335	20180320_P3_05perc_BckSub	21117	2018-03-23T16:14:35Z	25507	B3	2	3	11	1	1	7	813	182	[803,172,827,196]	9	550865	48.198	25.1741	5528.77	31.0761	12.4451	8.19034	0.957098	99.636
20180320_HT29_EGF_8h	6335	20180320_P3_05perc_BckSub	21117	2018-03-23T16:14:35Z	25507	B3	2	3	11	1	1	8	832	189	[824,180,842,204]	10	655879	56.2772	33.2991	6582.75	40.44	13.2513	8.19034	0.921065	99.636
20180320_HT29_EGF_8h	6335	20180320_P3_05perc_BckSub	21117	2018-03-23T16:14:35Z	25507	B3	2	3	11	1	1	9	819	197	[811,185,834,208]	11	759025	59.1682	27.5979	7190.8	39.0101	12.9501	8.42779	0.99356	105.555
20180320_HT29_EGF_8h	6335	20180320_P3_05perc_BckSub	21117	2018-03-23T16:14:35Z	25507	B3	2	3	11	1	1	10	1079	451	[1064,439,1092,467]	12	2704320	63.3814	34.7683	12750.4	46.0976	17.9881	11.2371	0.877013	212.096
20180320_HT29_EGF_8h	6335	20180320_P3_05perc_BckSub	21117	2018-03-23T16:14:35Z	25507	B3	2	3	11	1	1	11	1060	455	[1052,448,1073,465]	13	1133240	59.7699	30.11	10166	45.8451	14.2208	8.88367	0.990761	111.474
20180320_HT29_EGF_8h	6335	20180320_P3_05perc_BckSub	21117	2018-03-23T16:14:35Z	25507	B3	2	3	11	1	1	12	1056	468	[1047,457,1082,480]	14	1473860	49.1435	26.3729	6916.81	34.8824	24.1662	8.19034	0.677478	213.083
20180320_HT29_EGF_8h	6335	20180320_P3_05perc_BckSub	21117	2018-03-23T16:14:35Z	25507	B3	2	3	11	1	1	13	387	549	[373,536,401,565]	15	957841	41.7346	25.1349	5993.54	29.3106	14.2208	11.9187	1.01527	159.812
20180320_HT29_EGF_8h	6335	20180320_P3_05perc_BckSub	21117	2018-03-23T16:14:35Z	25507	B3	2	3	11	1	1	14	194	796	[177,780,212,806]	16	457761	77.3288	50.006	6356.55	53.4808	9.42256	7.9458	0.955835	72.0141
20180320_HT29_EGF_8h	6335	20180320_P3_05perc_BckSub	21117	2018-03-23T16:14:35Z	25507	B3	2	3	10	1	1	1	1093	293	[1079,280,1106,306]	1	949623	54.3885	26.3049	6925.35	32.9778	13.834	10.6974	0.982889	137.123
20180320_HT29_EGF_8h	6335	20180320_P3_05perc_BckSub	21117	2018-03-23T16:14:35Z	25507	B3	2	3	10	1	1	2	709	570	[696,558,723,584]	2	893218	56.7239	27.9884	6757.06	34.7915	13.2513	10.1289	0.960279	132.19
20180320_HT29_EGF_8h	6335	20180320_P3_05perc_BckSub	21117	2018-03-23T16:14:35Z	25507	B3	2	3	9	1	1	1	679	27	[671,19,704,42]	1	513956	45.9909	34.2893	4736.29	36.8433	12.2855	9.93225	0.973761	108.514
20180320_HT29_EGF_8h	6335	20180320_P3_05perc_BckSub	21117	2018-03-23T16:14:35Z	25507	B3	2	3	9	1	1	2	697	44	[690,37,704,57]	2	718127	84.6296	35.7733	8987.14	52.9048	11.3245	6.2817	0.85972	79.9061
20180320_HT29_EGF_8h	6335	20180320_P3_05perc_BckSub	21117	2018-03-23T16:14:35Z	25507	B3	2	3	9	1	1	3	681	45	[673,33,696,60]	3	1359140	69.2209	29.4844	8010.13	46.7003	20.0867	8.19034	0.778403	169.677
20180320_HT29_EGF_8h	6335	20180320_P3_05perc_BckSub	21117	2018-03-23T16:14:35Z	25507	B3	2	3	9	1	1	4	704	287	[693,279,720,296]	4	1020820	46.0576	25.3669	7444.55	32.7984	14.0463	10.1289	0.982889	137.123
20180320_HT29_EGF_8h	6335	20180320_P3_05perc_BckSub	21117	2018-03-23T16:14:35Z	25507	B3	2	3	9	1	1	5	697	301	[690,291,719,310]	5	1404580	55.2741	37.4258	10546.7	44.4302	16.914	8.19034	0.850129	133.177
20180320_HT29_EGF_8h	6335	20180320_P3_05perc_BckSub	21117	2018-03-23T16:14:35Z	25507	B3	2	3	9	1	1	6	715	314	[692,302,726,327]	6	1824840	66.593	35.9548	10754.8	44.8564	19.5894	10.1289	0.862946	169.677
20180320_HT29_EGF_8h	6335	20180320_P3_05perc_BckSub	21117	2018-03-23T16:14:35Z	25507	B3	2	3	9	1	1	7	115	822	[106,813,127,832]	7	509475	40.6105	26.8165	5436.32	31.0032	11.3245	8.19034	0.956617	93.717
20180320_HT29_EGF_8h	6335	20180320_P3_05perc_BckSub	21117	2018-03-23T16:14:35Z	25507	B3	2	3	9	1	1	8	92	831	[83,822,101,840]	8	457850	37.7753	24.9388	5214.81	28.9474	11.1046	8.42779	1.04052	87.798
20180320_HT29_EGF_8h	6335	20180320_P3_05perc_BckSub	21117	2018-03-23T16:14:35Z	25507	B3	2	3	9	1	1	9	127	833	[116,825,136,846]	9	566593	35.2917	27.7134	4786.25	30.9155	13.834	9.93225	0.92515	118.379
20180320_HT29_EGF_8h	6335	20180320_P3_05perc_BckSub	21117	2018-03-23T16:14:35Z	25507	B3	2	3	9	1	1	10	108	839	[98,824,118,848]	10	860008	39.3868	25.7565	8224.35	30.0565	12.1239	8.88367	0.950667	104.568
20180320_HT29_EGF_8h	6335	20180320_P3_05perc_BckSub	21117	2018-03-23T16:14:35Z	25507	B3	2	3	9	1	1	11	138	844	[125,834,148,854]	11	834305	45.713	31.7014	7830.81	36.3009	12.0831	8.42779	0.999519	106.541
20180320_HT29_EGF_8h	6335	20180320_P3_05perc_BckSub	21117	2018-03-23T16:14:35Z	25507	B3	2	3	9	1	1	12	89	850	[79,838,105,861]	12	982106	41.8854	28.2314	6341.09	33.4345	15.1609	11.2371	0.995594	154.88
20180320_HT29_EGF_8h	6335	20180320_P3_05perc_BckSub	21117	2018-03-23T16:14:35Z	25507	B3	2	3	9	1	1	13	148	855	[139,846,157,868]	13	1354480	60.8986	35.3904	9277.17	48.2313	14.0463	11.5829	1.02244	146.001
20180320_HT29_EGF_8h	6335	20180320_P3_05perc_BckSub	21117	2018-03-23T16:14:35Z	25507	B3	2	3	9	1	1	14	130	861	[120,851,139,869]	14	610281	45.4783	29.7518	5379.44	36.8164	12.9501	9.93225	0.965854	113.447
20180320_HT29_EGF_8h	6335	20180320_P3_05perc_BckSub	21117	2018-03-23T16:14:35Z	25507	B3	2	3	9	1	1	15	102	861	[89,851,112,872]	15	470108	31.9574	25.1478	5069.62	27.1235	11.6254	8.19034	0.989631	92.7305
20180320_HT29_EGF_8h	6335	20180320_P3_05perc_BckSub	21117	2018-03-23T16:14:35Z	25507	B3	2	3	9	1	1	16	159	865	[145,851,166,876]	16	742736	38.0074	27.5966	5577.07	32.1158	18.1246	8.42779	0.824938	133.177
20180320_HT29_EGF_8h	6335	20180320_P3_05perc_BckSub	21117	2018-03-23T16:14:35Z	25507	B3	2	3	9	1	1	17	120	871	[110,862,130,880]	17	630637	46.9818	31.7212	5811.55	37.8255	12.1239	8.88367	0.973761	108.514
20180320_HT29_EGF_8h	6335	20180320_P3_05perc_BckSub	21117	2018-03-23T16:14:35Z	25507	B3	2	3	9	1	1	18	138	875	[129,867,147,885]	18	631899	44.087	29.4015	5570	36.1032	12.4451	10.1289	1.00195	113.447
20180320_HT29_EGF_8h	6335	20180320_P3_05perc_BckSub	21117	2018-03-23T16:14:35Z	25507	B3	2	3	9	1	1	19	533	877	[523,867,545,890]	19	557394	42.7949	31.5897	4829.27	34.9513	12.0012	10.1289	0.976621	115.42
20180320_HT29_EGF_8h	6335	20180320_P3_05perc_BckSub	21117	2018-03-23T16:14:35Z	25507	B3	2	3	9	1	1	20	555	878	[544,867,567,890]	20	914968	57.635	30.6901	6770.03	39.4584	13.5093	10.6974	1.0069	135.15
20180320_HT29_EGF_8h	6335	20180320_P3_05perc_BckSub	21117	2018-03-23T16:14:35Z	25507	B3	2	3	9	1	1	21	105	879	[96,868,115,894]	21	706768	39.4215	23.9113	5921.02	28.9973	13.834	10.1289	0.997837	119.366
20180320_HT29_EGF_8h	6335	20180320_P3_05perc_BckSub	21117	2018-03-23T16:14:35Z	25507	B3	2	3	9	1	1	22	153	898	[137,873,168,919]	22	1848020	41.4257	27.8241	4636.92	33.4085	36.0035	12.7195	0.74519	398.544
20180320_HT29_EGF_8h	6335	20180320_P3_05perc_BckSub	21117	2018-03-23T16:14:35Z	25507	B3	2	3	9	1	1	23	121	888	[112,879,131,896]	24	924437	35.087	31.7807	6790.52	33.5913	13.2513	10.6974	0.978405	136.136
20180320_HT29_EGF_8h	6335	20180320_P3_05perc_BckSub	21117	2018-03-23T16:14:35Z	25507	B3	2	3	9	1	1	24	135	891	[128,884,142,897]	25	485311	41.1154	30.6543	6307.12	35.7862	9.78213	7.9458	1.04729	76.9466
20180320_HT29_EGF_8h	6335	20180320_P3_05perc_BckSub	21117	2018-03-23T16:14:35Z	25507	B3	2	3	9	1	1	25	544	892	[535,883,558,903]	26	494716	44.9082	33.5603	5117.23	36.9303	10.7434	9.93225	1.01671	96.6765
20180320_HT29_EGF_8h	6335	20180320_P3_05perc_BckSub	21117	2018-03-23T16:14:35Z	25507	B3	2	3	9	1	1	26	123	902	[114,895,131,910]	27	482141	35.7595	23.3615	6186.59	28.0478	9.78213	8.19034	1.05602	77.9331
20180320_HT29_EGF_8h	6335	20180320_P3_05perc_BckSub	21117	2018-03-23T16:14:35Z	25507	B3	2	3	9	1	1	27	135	906	[129,898,141,913]	28	593762	38.6733	35.4848	5959.32	37.8881	12.2855	9.93225	0.957098	99.636
20180320_HT29_EGF_8h	6335	20180320_P3_05perc_BckSub	21117	2018-03-23T16:14:35Z	25507	B3	2	3	9	1	1	28	125	916	[115,909,134,926]	29	735142	67.2667	45.3373	7097.2	53.7409	11.3245	9.93225	1.02071	103.582
20180320_HT29_EGF_8h	6335	20180320_P3_05perc_BckSub	21117	2018-03-23T16:14:35Z	25507	B3	2	3	9	1	1	29	142	916	[134,908,155,926]	30	478986	46.4487	33.2105	6224.91	37.0634	11.6254	7.16224	0.954168	76.9466
20180320_HT29_EGF_8h	6335	20180320_P3_05perc_BckSub	21117	2018-03-23T16:14:35Z	25507	B3	2	3	9	1	1	30	130	931	[119,924,140,940]	31	478175	39.6933	27.9529	6462.95	31.2632	9.42256	7.9458	1.02071	73.9871
20180320_HT29_EGF_8h	6335	20180320_P3_05perc_BckSub	21117	2018-03-23T16:14:35Z	25507	B3	2	3	9	1	1	31	144	939	[133,929,154,949]	32	448896	31.8289	23.4889	5987.38	25.5947	10.3696	7.9458	1.02964	74.9736
20180320_HT29_EGF_8h	6335	20180320_P3_05perc_BckSub	21117	2018-03-23T16:14:35Z	25507	B3	2	3	9	1	1	32	133	947	[122,939,143,960]	33	472245	36	30.1925	5631.88	32.0074	10.3696	7.9458	0.96651	83.8521
20180320_HT29_EGF_8h	6335	20180320_P3_05perc_BckSub	21117	2018-03-23T16:14:35Z	25507	B3	2	3	9	1	1	33	122	954	[115,941,133,968]	34	417428	37.3944	26.8708	5959.76	29.2733	9.83242	7.9458	0.938088	70.0411
20180320_HT29_EGF_8h	6335	20180320_P3_05perc_BckSub	21117	2018-03-23T16:14:35Z	25507	B3	2	3	9	1	1	34	163	954	[152,943,175,967]	35	567066	45.1695	28.2994	4871.43	32.5169	12.5634	9.93225	0.981964	116.406
20180320_HT29_EGF_8h	6335	20180320_P3_05perc_BckSub	21117	2018-03-23T16:14:35Z	25507	B3	2	3	9	1	1	35	1319	987	[1307,978,1333,998]	36	480228	42.4322	27.007	4125.44	31.5124	12.1239	10.1289	0.981964	116.406
20180320_HT29_EGF_8h	6335	20180320_P3_05perc_BckSub	21117	2018-03-23T16:14:35Z	25507	B3	2	3	9	1	1	36	133	1001	[122,990,146,1013]	37	464926	41.2842	23.593	4960.96	27.4214	11.1046	8.42779	0.996462	93.717
20180320_HT29_EGF_8h	6335	20180320_P3_05perc_BckSub	21117	2018-03-23T16:14:35Z	25507	B3	2	3	9	1	1	37	1313	1004	[1305,994,1331,1013]	38	539023	38.5041	24.9457	4515.72	29.0781	12.5634	10.1289	0.962996	119.366
20180320_HT29_EGF_8h	6335	20180320_P3_05perc_BckSub	21117	2018-03-23T16:14:35Z	25507	B3	2	3	9	1	1	38	977	1003	[970,996,987,1016]	39	633178	53.381	36.4753	6112.82	43.1236	12.1239	8.42779	0.981542	103.582
20180320_HT29_EGF_8h	6335	20180320_P3_05perc_BckSub	21117	2018-03-23T16:14:35Z	25507	B3	2	3	9	1	1	39	992	1008	[985,997,999,1021]	40	469593	47.9367	30.1244	6025.59	35.15	9.78213	7.9458	1.00737	77.9331
